1 0.124265 0.528676 0.060294 0.033824
1 0.211029 0.530882 0.066176 0.032353
1 0.321324 0.531618 0.077941 0.042647
1 0.336765 0.486765 0.038235 0.026471
1 0.411029 0.785294 0.060294 0.044118
1 0.493382 0.797059 0.048529 0.041176
1 0.377206 0.840441 0.039706 0.048529
1 0.155882 0.761765 0.044118 0.029412
1 0.069118 0.757353 0.064706 0.038235
1 0.053676 0.825735 0.036765 0.030882
1 0.329412 0.777206 0.052941 0.033824
1 0.132353 0.935294 0.052941 0.035294
1 0.390441 0.951471 0.048529 0.041176
1 0.466912 0.937500 0.051471 0.039706
1 0.579412 0.925735 0.052941 0.036765
1 0.621324 0.886029 0.030882 0.042647
1 0.693382 0.586765 0.072059 0.067647
1 0.625735 0.461029 0.045588 0.042647
1 0.641912 0.378676 0.039706 0.039706
1 0.722794 0.516176 0.048529 0.047059
1 0.682353 0.827206 0.064706 0.042647
1 0.771324 0.841912 0.069118 0.045588
1 0.840441 0.855882 0.060294 0.044118
1 0.908088 0.861029 0.051471 0.039706
1 0.835294 0.914706 0.047059 0.035294
1 0.900735 0.923529 0.033824 0.023529
1 0.394853 0.985294 0.027941 0.029412
1 0.845588 0.617647 0.058824 0.041176
1 0.921324 0.638971 0.054412 0.036765
1 0.916912 0.573529 0.098529 0.052941
1 0.986765 0.652941 0.026471 0.047059
1 0.966176 0.416176 0.050000 0.044118
