0 0.139706 0.575735 0.038235 0.051471
0 0.171324 0.601471 0.045588 0.055882
0 0.210294 0.613971 0.044118 0.045588
0 0.250000 0.647794 0.061765 0.063235
0 0.133088 0.678676 0.060294 0.057353
0 0.338971 0.707353 0.057353 0.050000
0 0.286029 0.719853 0.054412 0.051471
0 0.330147 0.755882 0.063235 0.055882
0 0.191176 0.800735 0.052941 0.051471
0 0.271324 0.800735 0.045588 0.045588
0 0.205147 0.867647 0.057353 0.070588
0 0.099265 0.842647 0.057353 0.044118
0 0.110294 0.799265 0.058824 0.051471
0 0.350000 0.814706 0.061765 0.064706
0 0.427941 0.780882 0.058824 0.058824
0 0.284559 0.912500 0.042647 0.045588
0 0.322794 0.896324 0.042647 0.051471
0 0.366912 0.880882 0.045588 0.047059
0 0.516912 0.843382 0.048529 0.054412
0 0.556618 0.875000 0.042647 0.050000
0 0.455882 0.862500 0.047059 0.045588
0 0.530147 0.966176 0.057353 0.055882
0 0.405147 0.958824 0.051471 0.044118
0 0.411029 0.879412 0.042647 0.047059
0 0.617647 0.943382 0.064706 0.057353
0 0.200000 0.933824 0.050000 0.055882
0 0.248529 0.958088 0.044118 0.051471
0 0.090441 0.913235 0.054412 0.055882
0 0.138235 0.876471 0.038235 0.047059
0 0.163235 0.975000 0.052941 0.050000
0 0.498529 0.883824 0.041176 0.047059
0 0.448529 0.943382 0.047059 0.048529
