0 0.185294 0.248529 0.058824 0.055882
0 0.159559 0.313971 0.054412 0.048529
0 0.094118 0.274265 0.067647 0.048529
0 0.421324 0.225000 0.054412 0.052941
0 0.330882 0.522794 0.070588 0.054412
0 0.331618 0.578676 0.072059 0.057353
0 0.463971 0.842647 0.060294 0.055882
0 0.972059 0.317647 0.055882 0.067647
0 0.960294 0.363235 0.058824 0.050000
0 0.895588 0.408088 0.055882 0.060294
0 0.969853 0.166912 0.054412 0.054412
0 0.872059 0.180882 0.055882 0.052941
0 0.886765 0.034559 0.052941 0.063235
0 0.975735 0.561029 0.048529 0.063235
