0 0.074265 0.021324 0.045588 0.039706
0 0.027941 0.202206 0.052941 0.054412
0 0.028676 0.149265 0.054412 0.045588
0 0.030147 0.100735 0.057353 0.045588
0 0.086765 0.115441 0.047059 0.048529
0 0.086029 0.164706 0.042647 0.041176
0 0.168382 0.166912 0.051471 0.051471
0 0.144118 0.107353 0.050000 0.047059
0 0.158824 0.055147 0.047059 0.048529
0 0.195588 0.103676 0.044118 0.045588
0 0.116912 0.033824 0.036765 0.047059
0 0.230882 0.201471 0.047059 0.050000
0 0.287500 0.205882 0.042647 0.044118
0 0.338235 0.180147 0.038235 0.048529
0 0.258824 0.390441 0.041176 0.054412
0 0.319853 0.396324 0.045588 0.045588
0 0.299265 0.343382 0.033824 0.039706
0 0.266912 0.297794 0.042647 0.048529
0 0.491912 0.245588 0.054412 0.064706
0 0.709559 0.202206 0.051471 0.051471
0 0.885294 0.325000 0.052941 0.052941
0 0.807353 0.113235 0.067647 0.067647
0 0.883824 0.668382 0.055882 0.057353
0 0.227941 0.679412 0.070588 0.061765
0 0.258824 0.633088 0.058824 0.048529
0 0.284559 0.561029 0.057353 0.051471
0 0.300735 0.602941 0.048529 0.041176
0 0.355147 0.600735 0.051471 0.057353
0 0.033824 0.791912 0.058824 0.075000
1 0.523529 0.471324 0.108824 0.060294
1 0.616176 0.600735 0.058824 0.098529
1 0.578676 0.697794 0.048529 0.089706
1 0.549265 0.800735 0.051471 0.104412
1 0.413235 0.823529 0.105882 0.064706
1 0.491912 0.856618 0.060294 0.036765
1 0.805147 0.761029 0.083824 0.092647
1 0.838971 0.821324 0.048529 0.039706
1 0.717647 0.659559 0.114706 0.054412
1 0.697059 0.599265 0.050000 0.051471
1 0.694853 0.832353 0.072059 0.052941
1 0.785294 0.906618 0.041176 0.051471
1 0.974265 0.978676 0.051471 0.036765
1 0.756618 0.984559 0.054412 0.030882
1 0.670588 0.986765 0.055882 0.026471
1 0.832353 0.981618 0.029412 0.033824
1 0.980147 0.734559 0.039706 0.063235
1 0.963235 0.645588 0.073529 0.050000
