1 0.097794 0.111765 0.075000 0.079412
1 0.308088 0.124265 0.039706 0.036765
1 0.089706 0.197794 0.058824 0.033824
1 0.145588 0.188235 0.050000 0.032353
1 0.249265 0.191912 0.045588 0.042647
1 0.368382 0.185294 0.069118 0.035294
1 0.322059 0.322794 0.035294 0.042647
1 0.278676 0.313971 0.042647 0.033824
1 0.560294 0.333824 0.050000 0.038235
1 0.591912 0.396324 0.033824 0.045588
1 0.555882 0.430882 0.050000 0.032353
1 0.441912 0.383088 0.039706 0.030882
1 0.402941 0.444853 0.035294 0.045588
1 0.295588 0.400000 0.047059 0.032353
1 0.142647 0.418382 0.044118 0.030882
1 0.133088 0.325735 0.048529 0.036765
1 0.029412 0.380882 0.032353 0.047059
1 0.050000 0.489706 0.029412 0.032353
1 0.595588 0.109559 0.038235 0.051471
1 0.666912 0.330147 0.036765 0.045588
1 0.736765 0.425735 0.050000 0.033824
1 0.877206 0.233824 0.036765 0.035294
1 0.852206 0.324265 0.048529 0.039706
1 0.676471 0.019853 0.041176 0.036765
1 0.945588 0.189706 0.032353 0.044118
1 0.946324 0.242647 0.036765 0.055882
1 0.978676 0.370588 0.042647 0.035294
1 0.982353 0.479412 0.035294 0.050000
1 0.908088 0.491176 0.036765 0.035294
1 0.887500 0.636029 0.045588 0.030882
1 0.752206 0.555147 0.054412 0.030882
1 0.622794 0.592647 0.042647 0.055882
1 0.616912 0.658088 0.054412 0.030882
1 0.572794 0.708824 0.036765 0.047059
1 0.436765 0.688235 0.064706 0.044118
1 0.402941 0.639706 0.038235 0.047059
1 0.299265 0.665441 0.051471 0.030882
1 0.271324 0.514706 0.051471 0.038235
1 0.398529 0.505147 0.041176 0.051471
1 0.293382 0.552206 0.030882 0.039706
1 0.318382 0.623529 0.042647 0.041176
1 0.476471 0.824265 0.050000 0.036765
1 0.427206 0.864706 0.045588 0.038235
1 0.484559 0.914706 0.042647 0.038235
1 0.359559 0.861029 0.045588 0.054412
1 0.347794 0.924265 0.060294 0.030882
1 0.377941 0.957353 0.029412 0.047059
1 0.167647 0.684559 0.050000 0.033824
1 0.174265 0.765441 0.030882 0.048529
1 0.284559 0.716912 0.051471 0.027941
1 0.130882 0.881618 0.035294 0.051471
1 0.165441 0.961029 0.057353 0.033824
1 0.068382 0.898529 0.027941 0.041176
1 0.061029 0.963235 0.036765 0.035294
1 0.113971 0.978676 0.036765 0.042647
1 0.030882 0.894853 0.038235 0.036765
1 0.126471 0.738235 0.047059 0.026471
1 0.120588 0.702206 0.047059 0.022059
1 0.125735 0.637500 0.057353 0.033824
1 0.025000 0.651471 0.047059 0.029412
1 0.022059 0.550735 0.038235 0.048529
1 0.163235 0.575000 0.047059 0.044118
1 0.544118 0.469118 0.044118 0.029412
1 0.723529 0.647059 0.052941 0.035294
0 0.671324 0.216176 0.054412 0.052941
0 0.735294 0.169118 0.035294 0.038235
0 0.736029 0.205882 0.042647 0.041176
0 0.738971 0.250000 0.048529 0.044118
1 0.308088 0.191176 0.048529 0.035294
1 0.141912 0.233088 0.036765 0.036765
1 0.031618 0.138235 0.042647 0.044118
