1 0.133088 0.384559 0.069118 0.086765
1 0.252941 0.405147 0.052941 0.066176
1 0.163235 0.480882 0.038235 0.044118
1 0.584559 0.383824 0.045588 0.041176
1 0.447794 0.422794 0.051471 0.033824
1 0.699265 0.338235 0.069118 0.067647
1 0.757353 0.530882 0.067647 0.032353
1 0.563971 0.432353 0.060294 0.035294
1 0.702941 0.471324 0.064706 0.036765
1 0.672794 0.617647 0.039706 0.050000
1 0.647794 0.692647 0.054412 0.044118
1 0.789706 0.685294 0.064706 0.035294
1 0.825000 0.818382 0.058824 0.045588
1 0.486029 0.628676 0.042647 0.045588
1 0.519853 0.547059 0.036765 0.055882
1 0.677941 0.541912 0.058824 0.045588
1 0.600735 0.748529 0.060294 0.047059
1 0.466176 0.758088 0.044118 0.048529
1 0.480882 0.802941 0.052941 0.041176
1 0.718382 0.863235 0.042647 0.088235
1 0.617647 0.798529 0.041176 0.047059
1 0.456618 0.847059 0.057353 0.041176
1 0.429412 0.891912 0.044118 0.051471
1 0.187500 0.738235 0.039706 0.047059
1 0.184559 0.812500 0.036765 0.045588
1 0.322059 0.680882 0.041176 0.047059
1 0.073529 0.740441 0.044118 0.042647
1 0.028676 0.729412 0.039706 0.035294
1 0.186765 0.562500 0.038235 0.027941
1 0.730882 0.400000 0.041176 0.035294
1 0.338235 0.978676 0.061765 0.042647
1 0.302941 0.798529 0.061765 0.038235
1 0.819118 0.962500 0.050000 0.075000
1 0.949265 0.891912 0.042647 0.054412
1 0.975000 0.958824 0.047059 0.044118
1 0.953676 0.836765 0.036765 0.038235
