0 0.331618 0.048529 0.054412 0.050000
0 0.341912 0.102941 0.057353 0.052941
0 0.275000 0.119853 0.047059 0.039706
0 0.270588 0.060294 0.047059 0.041176
0 0.277206 0.164706 0.045588 0.044118
0 0.356618 0.200000 0.036765 0.044118
0 0.299265 0.203676 0.045588 0.042647
0 0.403676 0.255882 0.060294 0.052941
0 0.461765 0.234559 0.058824 0.051471
0 0.589706 0.192647 0.050000 0.050000
0 0.558824 0.063235 0.052941 0.052941
0 0.355882 0.320588 0.050000 0.050000
0 0.411029 0.311765 0.042647 0.050000
0 0.300735 0.323529 0.057353 0.052941
0 0.190441 0.278676 0.045588 0.042647
0 0.197059 0.317647 0.050000 0.035294
0 0.221324 0.355882 0.045588 0.047059
0 0.245588 0.287500 0.058824 0.048529
0 0.243382 0.240441 0.057353 0.054412
0 0.230882 0.188235 0.047059 0.050000
0 0.196324 0.150000 0.045588 0.047059
0 0.605147 0.328676 0.054412 0.054412
0 0.590441 0.367647 0.045588 0.044118
0 0.519853 0.302941 0.048529 0.067647
0 0.686765 0.301471 0.041176 0.058824
0 0.731618 0.291176 0.042647 0.047059
0 0.722059 0.333088 0.038235 0.039706
0 0.614706 0.447059 0.047059 0.052941
0 0.650735 0.474265 0.039706 0.048529
0 0.678676 0.513235 0.039706 0.041176
0 0.664706 0.561765 0.041176 0.050000
0 0.724265 0.502206 0.048529 0.051471
0 0.735294 0.448529 0.044118 0.055882
0 0.904412 0.241912 0.047059 0.063235
0 0.860294 0.261029 0.047059 0.057353
0 0.815441 0.267647 0.042647 0.052941
0 0.777941 0.280882 0.050000 0.050000
0 0.765441 0.323529 0.039706 0.044118
0 0.806618 0.318382 0.042647 0.048529
0 0.848529 0.308824 0.035294 0.047059
0 0.888971 0.325000 0.042647 0.050000
0 0.934559 0.277206 0.048529 0.045588
0 0.971324 0.307353 0.051471 0.044118
0 0.963235 0.351471 0.050000 0.047059
0 0.916176 0.358824 0.044118 0.055882
0 0.911029 0.407353 0.057353 0.052941
0 0.861029 0.425735 0.048529 0.045588
0 0.830882 0.382353 0.047059 0.047059
0 0.785294 0.398529 0.047059 0.044118
0 0.738235 0.407353 0.047059 0.047059
0 0.783824 0.439706 0.044118 0.041176
0 0.815441 0.469853 0.048529 0.039706
0 0.515441 0.356618 0.051471 0.045588
0 0.504412 0.396324 0.044118 0.042647
0 0.492647 0.437500 0.047059 0.045588
0 0.571324 0.458824 0.048529 0.047059
0 0.511029 0.519118 0.042647 0.050000
0 0.562500 0.511029 0.060294 0.054412
0 0.550735 0.549265 0.036765 0.039706
0 0.500000 0.568382 0.044118 0.036765
0 0.538235 0.590441 0.041176 0.033824
0 0.493382 0.608088 0.033824 0.033824
0 0.485294 0.655882 0.044118 0.044118
0 0.537500 0.636029 0.051471 0.054412
0 0.559559 0.674265 0.039706 0.039706
0 0.649265 0.652206 0.045588 0.051471
0 0.622059 0.605147 0.044118 0.042647
0 0.602206 0.652941 0.042647 0.041176
0 0.586029 0.578676 0.045588 0.051471
0 0.507353 0.725000 0.061765 0.061765
0 0.466912 0.803676 0.060294 0.060294
0 0.402941 0.779412 0.058824 0.058824
0 0.587500 0.791912 0.060294 0.060294
0 0.704412 0.709559 0.052941 0.054412
0 0.754412 0.693382 0.041176 0.054412
0 0.767647 0.643382 0.047059 0.048529
0 0.719853 0.659559 0.048529 0.045588
0 0.733824 0.619118 0.041176 0.041176
0 0.704412 0.591912 0.050000 0.045588
0 0.719118 0.546324 0.052941 0.042647
0 0.790441 0.557353 0.054412 0.058824
0 0.819853 0.595588 0.039706 0.044118
0 0.810294 0.633824 0.038235 0.041176
0 0.850735 0.628676 0.039706 0.051471
0 0.897794 0.748529 0.045588 0.052941
0 0.857353 0.753676 0.038235 0.048529
0 0.607353 0.889706 0.055882 0.047059
0 0.613235 0.936765 0.044118 0.047059
0 0.582353 0.975000 0.050000 0.050000
0 0.902206 0.611765 0.042647 0.052941
0 0.944118 0.602206 0.038235 0.051471
0 0.947794 0.555882 0.045588 0.044118
0 0.859559 0.577206 0.045588 0.042647
0 0.877941 0.536765 0.050000 0.044118
0 0.884559 0.489706 0.042647 0.044118
0 0.919853 0.516176 0.042647 0.050000
0 0.959559 0.499265 0.036765 0.054412
0 0.982353 0.585294 0.035294 0.050000
0 0.772059 0.491176 0.038235 0.047059
0 0.796324 0.350000 0.036765 0.041176
0 0.839706 0.339706 0.038235 0.044118
0 0.430882 0.919853 0.050000 0.054412
0 0.356618 0.976471 0.051471 0.047059
0 0.272794 0.975735 0.045588 0.045588
0 0.278676 0.926471 0.045588 0.050000
0 0.172059 0.901471 0.058824 0.052941
0 0.175735 0.974265 0.045588 0.036765
0 0.128676 0.955882 0.039706 0.041176
0 0.316912 0.911029 0.039706 0.042647
0 0.369853 0.928676 0.039706 0.039706
0 0.181618 0.043382 0.057353 0.057353
0 0.224265 0.102941 0.045588 0.050000
0 0.054412 0.192647 0.050000 0.044118
