1 0.250000 0.187500 0.058824 0.045588
1 0.365441 0.205882 0.054412 0.029412
1 0.113971 0.194118 0.042647 0.026471
1 0.235294 0.257353 0.041176 0.029412
1 0.352941 0.261029 0.038235 0.030882
1 0.460294 0.203676 0.047059 0.030882
1 0.311765 0.388235 0.052941 0.035294
1 0.116912 0.238971 0.042647 0.033824
1 0.247794 0.375000 0.036765 0.052941
1 0.265441 0.286765 0.039706 0.038235
1 0.455882 0.390441 0.035294 0.039706
1 0.366912 0.375000 0.025000 0.035294
1 0.393382 0.383824 0.025000 0.038235
1 0.113235 0.390441 0.044118 0.033824
1 0.150000 0.362500 0.023529 0.030882
1 0.095588 0.273529 0.026471 0.026471
1 0.608088 0.252941 0.063235 0.047059
1 0.620588 0.197059 0.044118 0.035294
1 0.699265 0.211029 0.039706 0.066176
1 0.719118 0.346324 0.038235 0.063235
1 0.777941 0.344118 0.038235 0.055882
1 0.905882 0.236029 0.035294 0.048529
1 0.892647 0.413235 0.052941 0.044118
1 0.899265 0.520588 0.033824 0.038235
1 0.597059 0.659559 0.064706 0.054412
1 0.374265 0.619853 0.036765 0.048529
1 0.455882 0.715441 0.050000 0.045588
1 0.497059 0.621324 0.044118 0.042647
1 0.252206 0.656618 0.030882 0.036765
1 0.293382 0.788971 0.045588 0.033824
1 0.191176 0.770588 0.047059 0.029412
1 0.573529 0.761029 0.052941 0.042647
1 0.647059 0.984559 0.055882 0.030882
1 0.841176 0.821324 0.052941 0.042647
1 0.952941 0.850735 0.044118 0.033824
1 0.738971 0.277206 0.048529 0.033824
1 0.644853 0.090441 0.042647 0.033824
1 0.754412 0.108088 0.041176 0.030882
1 0.755882 0.041912 0.041176 0.036765
1 0.458824 0.062500 0.038235 0.030882
1 0.255882 0.070588 0.032353 0.029412
1 0.162500 0.160294 0.039706 0.058824
0 0.032353 0.175735 0.032353 0.048529
0 0.050000 0.031618 0.041176 0.033824
1 0.541176 0.621324 0.023529 0.036765
1 0.305147 0.725000 0.039706 0.038235
