0 0.293382 0.029412 0.051471 0.055882
0 0.258824 0.081618 0.047059 0.051471
0 0.221324 0.109559 0.045588 0.039706
0 0.213971 0.027206 0.045588 0.033824
0 0.250735 0.013971 0.042647 0.025000
0 0.143382 0.025000 0.045588 0.047059
0 0.058824 0.024265 0.035294 0.045588
0 0.101471 0.018382 0.047059 0.033824
0 0.116176 0.263971 0.047059 0.048529
0 0.155882 0.116912 0.052941 0.057353
0 0.069853 0.080882 0.039706 0.064706
0 0.034559 0.178676 0.045588 0.045588
0 0.082353 0.200000 0.052941 0.055882
0 0.114706 0.140441 0.038235 0.048529
0 0.190441 0.343382 0.057353 0.057353
0 0.037500 0.271324 0.042647 0.054412
0 0.077206 0.294853 0.033824 0.051471
0 0.482353 0.413971 0.055882 0.060294
0 0.561765 0.434559 0.050000 0.054412
0 0.230147 0.581618 0.057353 0.057353
0 0.215441 0.661029 0.057353 0.048529
0 0.044853 0.769118 0.060294 0.052941
0 0.091176 0.719853 0.061765 0.057353
0 0.025000 0.831618 0.047059 0.060294
0 0.937500 0.511029 0.048529 0.066176
