0 0.494118 0.072794 0.047059 0.048529
0 0.441176 0.070588 0.055882 0.052941
0 0.449265 0.123529 0.045588 0.047059
0 0.479412 0.156618 0.044118 0.051471
0 0.536765 0.111765 0.032353 0.044118
0 0.577941 0.146324 0.050000 0.039706
0 0.622794 0.134559 0.048529 0.048529
0 0.586765 0.069118 0.050000 0.050000
0 0.415441 0.202206 0.051471 0.048529
0 0.468382 0.242647 0.045588 0.058824
0 0.435294 0.294118 0.041176 0.055882
0 0.333824 0.227941 0.061765 0.047059
0 0.301471 0.257353 0.061765 0.050000
0 0.219853 0.235294 0.054412 0.052941
0 0.177941 0.261765 0.064706 0.044118
0 0.191912 0.306618 0.051471 0.060294
0 0.361765 0.369118 0.055882 0.058824
0 0.537500 0.358088 0.054412 0.042647
0 0.538971 0.315441 0.060294 0.036765
0 0.519853 0.273529 0.063235 0.044118
0 0.447059 0.697059 0.050000 0.061765
0 0.404412 0.742647 0.058824 0.058824
0 0.600735 0.751471 0.051471 0.052941
0 0.545588 0.747794 0.050000 0.048529
0 0.471324 0.798529 0.048529 0.044118
0 0.460294 0.836029 0.041176 0.045588
0 0.518382 0.794118 0.030882 0.058824
0 0.688235 0.772794 0.058824 0.066176
0 0.563971 0.797794 0.042647 0.051471
0 0.509559 0.854412 0.045588 0.055882
0 0.719118 0.934559 0.052941 0.063235
0 0.671324 0.919853 0.057353 0.060294
0 0.630882 0.918382 0.052941 0.045588
0 0.595588 0.932353 0.044118 0.058824
0 0.548529 0.913971 0.055882 0.045588
0 0.461765 0.975000 0.055882 0.041176
0 0.441912 0.934559 0.060294 0.048529
0 0.412500 0.874265 0.072059 0.060294
0 0.343382 0.964706 0.060294 0.050000
0 0.886765 0.883088 0.038235 0.048529
0 0.971324 0.891176 0.048529 0.058824
0 0.966912 0.946324 0.057353 0.057353
0 0.916912 0.975000 0.051471 0.050000
0 0.843382 0.982353 0.051471 0.035294
0 0.869853 0.947059 0.051471 0.050000
0 0.947059 0.195588 0.047059 0.044118
0 0.942647 0.255147 0.044118 0.051471
0 0.401471 0.581618 0.061765 0.057353
0 0.434559 0.511029 0.048529 0.060294
0 0.309559 0.094118 0.066176 0.052941
0 0.094118 0.023529 0.041176 0.044118
0 0.041176 0.025000 0.044118 0.047059
0 0.613235 0.293382 0.050000 0.048529
0 0.599265 0.197794 0.045588 0.057353
0 0.104412 0.277206 0.061765 0.063235
