0 0.058088 0.100735 0.057353 0.054412
0 0.113235 0.236765 0.050000 0.052941
0 0.212500 0.255882 0.048529 0.050000
0 0.143382 0.292647 0.054412 0.052941
0 0.297794 0.227206 0.060294 0.045588
0 0.258088 0.347794 0.057353 0.063235
0 0.395588 0.191912 0.047059 0.051471
0 0.361029 0.258824 0.063235 0.047059
0 0.460294 0.172059 0.061765 0.058824
0 0.548529 0.191912 0.061765 0.060294
0 0.606618 0.157353 0.051471 0.055882
0 0.452941 0.089706 0.058824 0.055882
0 0.630147 0.046324 0.054412 0.054412
0 0.575000 0.026471 0.061765 0.050000
0 0.928676 0.186765 0.060294 0.061765
0 0.568382 0.524265 0.057353 0.051471
0 0.633824 0.526471 0.050000 0.055882
0 0.684559 0.563235 0.054412 0.050000
0 0.619853 0.585294 0.063235 0.052941
0 0.557353 0.613235 0.058824 0.047059
0 0.781618 0.702941 0.051471 0.061765
0 0.708088 0.766912 0.060294 0.060294
0 0.464706 0.755882 0.052941 0.055882
0 0.590441 0.913971 0.063235 0.066176
0 0.874265 0.022794 0.048529 0.042647
0 0.927941 0.033088 0.055882 0.051471
0 0.977206 0.074265 0.045588 0.057353
0 0.969853 0.914706 0.060294 0.067647
0 0.077941 0.165441 0.044118 0.048529
0 0.254412 0.032353 0.047059 0.041176
0 0.454412 0.277206 0.047059 0.048529
0 0.313235 0.327206 0.038235 0.039706
0 0.386029 0.316912 0.051471 0.051471
0 0.295588 0.786765 0.064706 0.055882
0 0.223529 0.824265 0.047059 0.048529
0 0.167647 0.855882 0.052941 0.050000
0 0.129412 0.911765 0.061765 0.052941
0 0.538235 0.823529 0.052941 0.055882
0 0.633824 0.755147 0.044118 0.042647
0 0.630147 0.802941 0.042647 0.047059
0 0.592647 0.808824 0.038235 0.038235
0 0.491912 0.900000 0.045588 0.041176
0 0.414706 0.904412 0.047059 0.038235
0 0.429412 0.869118 0.044118 0.047059
0 0.470588 0.831618 0.041176 0.042647
0 0.686765 0.697794 0.052941 0.045588
0 0.853676 0.685294 0.051471 0.055882
1 0.859559 0.842647 0.069118 0.058824
1 0.672794 0.947059 0.080882 0.064706
1 0.808824 0.950735 0.111765 0.069118
1 0.883824 0.905147 0.061765 0.045588
1 0.047059 0.947794 0.052941 0.048529
1 0.119118 0.958088 0.047059 0.042647
1 0.112500 0.983824 0.057353 0.032353
1 0.202941 0.964706 0.052941 0.044118
1 0.327941 0.884559 0.041176 0.045588
1 0.095588 0.644118 0.044118 0.044118
1 0.131618 0.716912 0.057353 0.054412
1 0.077206 0.785294 0.051471 0.044118
1 0.030882 0.782353 0.041176 0.050000
1 0.069118 0.676471 0.052941 0.050000
1 0.185294 0.478676 0.052941 0.039706
1 0.895588 0.416176 0.047059 0.047059
1 0.972794 0.433824 0.039706 0.050000
1 0.753676 0.427206 0.048529 0.045588
1 0.764706 0.539706 0.035294 0.035294
1 0.805147 0.531618 0.045588 0.051471
1 0.890441 0.354412 0.051471 0.047059
1 0.660294 0.174265 0.058824 0.051471
1 0.359559 0.132353 0.054412 0.050000
1 0.305147 0.130882 0.063235 0.052941
1 0.125000 0.163971 0.044118 0.039706
