0 0.050000 0.059559 0.052941 0.048529
0 0.037500 0.105882 0.048529 0.050000
0 0.037500 0.166176 0.045588 0.041176
0 0.092647 0.194118 0.050000 0.052941
0 0.125735 0.233088 0.045588 0.039706
0 0.210294 0.266176 0.064706 0.052941
0 0.165441 0.345588 0.072059 0.041176
0 0.191176 0.391176 0.055882 0.050000
0 0.264706 0.346324 0.052941 0.057353
0 0.301471 0.284559 0.058824 0.051471
0 0.347059 0.375000 0.047059 0.047059
0 0.331618 0.333088 0.048529 0.039706
0 0.211765 0.112500 0.055882 0.048529
0 0.245588 0.141912 0.061765 0.051471
0 0.353676 0.149265 0.057353 0.048529
0 0.260294 0.081618 0.050000 0.054412
0 0.306618 0.077206 0.042647 0.057353
0 0.458824 0.353676 0.055882 0.060294
0 0.518382 0.321324 0.057353 0.054412
0 0.739706 0.159559 0.058824 0.063235
0 0.668382 0.168382 0.048529 0.048529
0 0.663235 0.258824 0.067647 0.061765
0 0.492647 0.091176 0.055882 0.064706
0 0.561765 0.103676 0.050000 0.048529
0 0.416912 0.207353 0.045588 0.055882
0 0.255147 0.211765 0.042647 0.055882
0 0.308088 0.198529 0.060294 0.055882
0 0.655882 0.070588 0.061765 0.050000
0 0.613235 0.082353 0.050000 0.047059
0 0.031618 0.389706 0.060294 0.058824
0 0.138235 0.436765 0.055882 0.050000
0 0.133824 0.481618 0.050000 0.054412
0 0.043382 0.595588 0.066176 0.055882
0 0.046324 0.472794 0.051471 0.051471
0 0.180882 0.622794 0.058824 0.057353
0 0.305147 0.585294 0.063235 0.055882
0 0.241176 0.595588 0.064706 0.070588
0 0.426471 0.819118 0.055882 0.058824
0 0.347794 0.714706 0.048529 0.050000
0 0.342647 0.842647 0.052941 0.052941
0 0.045588 0.711765 0.058824 0.052941
0 0.034559 0.756618 0.057353 0.063235
0 0.080147 0.852206 0.051471 0.057353
0 0.072059 0.900735 0.050000 0.054412
0 0.148529 0.913971 0.061765 0.054412
0 0.577941 0.873529 0.055882 0.050000
0 0.774265 0.819853 0.054412 0.057353
0 0.853676 0.719118 0.048529 0.050000
0 0.883088 0.652941 0.036765 0.050000
0 0.863235 0.561029 0.038235 0.054412
0 0.824265 0.935294 0.045588 0.052941
0 0.932353 0.675735 0.041176 0.048529
0 0.964706 0.586029 0.047059 0.045588
0 0.957353 0.509559 0.047059 0.045588
0 0.909559 0.552941 0.036765 0.050000
0 0.769853 0.717647 0.060294 0.058824
0 0.920588 0.379412 0.041176 0.044118
0 0.951471 0.245588 0.038235 0.047059
0 0.852206 0.270588 0.048529 0.044118
0 0.916176 0.108088 0.041176 0.060294
0 0.416176 0.060294 0.050000 0.050000
0 0.429412 0.104412 0.044118 0.044118
0 0.739706 0.091912 0.058824 0.060294
0 0.390441 0.305882 0.039706 0.050000
0 0.459559 0.278676 0.057353 0.057353
0 0.803676 0.588235 0.048529 0.052941
0 0.246324 0.766912 0.048529 0.051471
0 0.294118 0.719118 0.055882 0.058824
0 0.386765 0.932353 0.067647 0.064706
0 0.175000 0.519118 0.044118 0.052941
0 0.222059 0.506618 0.050000 0.057353
0 0.822794 0.416912 0.048529 0.051471
0 0.966912 0.298529 0.039706 0.044118
