0 0.482353 0.256618 0.047059 0.048529
0 0.545588 0.420588 0.047059 0.047059
0 0.592647 0.419853 0.047059 0.048529
0 0.480882 0.425000 0.044118 0.041176
0 0.582353 0.480882 0.055882 0.047059
0 0.559559 0.517647 0.039706 0.041176
0 0.541912 0.555147 0.045588 0.042647
0 0.610294 0.558824 0.041176 0.052941
0 0.747794 0.469853 0.054412 0.054412
0 0.668382 0.566176 0.045588 0.038235
0 0.655147 0.616176 0.054412 0.041176
0 0.811029 0.511765 0.048529 0.044118
0 0.777941 0.543382 0.044118 0.045588
0 0.873529 0.510294 0.041176 0.038235
0 0.863235 0.556618 0.044118 0.051471
0 0.952941 0.553676 0.050000 0.057353
0 0.908088 0.562500 0.042647 0.045588
0 0.736765 0.636765 0.047059 0.047059
0 0.809559 0.631618 0.045588 0.045588
0 0.777941 0.604412 0.041176 0.047059
0 0.709559 0.596324 0.048529 0.048529
0 0.802206 0.711765 0.051471 0.067647
0 0.861765 0.763235 0.047059 0.044118
0 0.906618 0.811029 0.057353 0.045588
0 0.869118 0.847794 0.050000 0.039706
0 0.839706 0.807353 0.052941 0.047059
0 0.860294 0.668382 0.038235 0.042647
0 0.850000 0.616912 0.038235 0.045588
0 0.897794 0.625000 0.039706 0.047059
0 0.900000 0.672794 0.038235 0.045588
0 0.936029 0.667647 0.039706 0.055882
0 0.950000 0.718382 0.041176 0.048529
0 0.966176 0.754412 0.035294 0.044118
0 0.954412 0.867647 0.044118 0.050000
0 0.929412 0.916912 0.047059 0.051471
0 0.969118 0.821324 0.055882 0.042647
0 0.978676 0.462500 0.042647 0.069118
0 0.805147 0.036029 0.048529 0.036765
0 0.788971 0.088235 0.048529 0.052941
0 0.741912 0.305882 0.042647 0.047059
0 0.759559 0.033824 0.042647 0.044118
0 0.694118 0.652206 0.050000 0.045588
0 0.049265 0.900735 0.042647 0.048529
0 0.134559 0.934559 0.048529 0.048529
0 0.091912 0.910294 0.033824 0.038235
0 0.128676 0.980882 0.054412 0.038235
0 0.055882 0.980882 0.050000 0.038235
0 0.018382 0.916176 0.033824 0.041176
0 0.025735 0.958824 0.048529 0.052941
0 0.558088 0.301471 0.045588 0.047059
0 0.716176 0.202206 0.044118 0.048529
0 0.725000 0.155147 0.038235 0.036765
0 0.737500 0.116176 0.045588 0.044118
