0 0.292647 0.247059 0.052941 0.047059
0 0.308824 0.305147 0.047059 0.042647
0 0.369853 0.280147 0.051471 0.042647
0 0.399265 0.371324 0.054412 0.048529
0 0.279412 0.465441 0.067647 0.054412
0 0.186029 0.413971 0.051471 0.054412
0 0.147059 0.335294 0.050000 0.052941
0 0.229412 0.266176 0.055882 0.047059
0 0.268382 0.414706 0.057353 0.052941
0 0.643382 0.290441 0.054412 0.060294
0 0.561765 0.389706 0.050000 0.061765
0 0.239706 0.319853 0.055882 0.048529
0 0.205147 0.211029 0.048529 0.057353
0 0.238235 0.152941 0.047059 0.052941
0 0.266176 0.101471 0.052941 0.052941
0 0.361765 0.091912 0.055882 0.051471
0 0.134559 0.508088 0.063235 0.054412
0 0.329412 0.674265 0.052941 0.060294
0 0.230882 0.729412 0.058824 0.050000
0 0.291176 0.750735 0.055882 0.057353
0 0.194118 0.770588 0.047059 0.050000
0 0.243382 0.777206 0.045588 0.051471
0 0.293382 0.788235 0.045588 0.041176
0 0.349265 0.732353 0.042647 0.041176
0 0.358824 0.777206 0.047059 0.042647
0 0.414706 0.729412 0.047059 0.047059
0 0.407353 0.792647 0.044118 0.050000
0 0.463235 0.772059 0.052941 0.061765
0 0.427941 0.847794 0.050000 0.054412
0 0.540441 0.753676 0.045588 0.054412
0 0.469118 0.886029 0.038235 0.045588
0 0.560294 0.874265 0.052941 0.051471
0 0.559559 0.821324 0.051471 0.060294
0 0.592647 0.722059 0.041176 0.055882
0 0.513235 0.667647 0.055882 0.050000
0 0.464706 0.670588 0.052941 0.050000
0 0.375735 0.698529 0.051471 0.052941
0 0.775735 0.576471 0.042647 0.047059
0 0.814706 0.602206 0.050000 0.051471
0 0.827206 0.643382 0.048529 0.036765
0 0.800735 0.674265 0.039706 0.042647
0 0.841912 0.691176 0.045588 0.050000
0 0.806618 0.715441 0.045588 0.045588
0 0.565441 0.654412 0.042647 0.041176
0 0.585294 0.611765 0.047059 0.047059
0 0.641912 0.602206 0.051471 0.045588
0 0.640441 0.644118 0.048529 0.035294
0 0.632353 0.708824 0.038235 0.047059
0 0.736765 0.695588 0.047059 0.041176
0 0.713971 0.728676 0.042647 0.036765
0 0.713971 0.770588 0.042647 0.044118
0 0.753676 0.759559 0.036765 0.042647
0 0.790441 0.744118 0.039706 0.047059
0 0.861765 0.772059 0.052941 0.041176
0 0.738971 0.844118 0.042647 0.047059
0 0.777206 0.925000 0.048529 0.050000
0 0.719118 0.937500 0.041176 0.045588
0 0.826471 0.918382 0.041176 0.045588
0 0.874265 0.911029 0.039706 0.036765
0 0.922059 0.900735 0.047059 0.054412
0 0.976471 0.893382 0.047059 0.048529
0 0.961029 0.838971 0.045588 0.054412
0 0.871324 0.863971 0.039706 0.045588
0 0.865441 0.815441 0.054412 0.048529
0 0.819118 0.826471 0.044118 0.047059
0 0.816176 0.873529 0.047059 0.038235
0 0.665441 0.956618 0.048529 0.048529
0 0.606618 0.961029 0.048529 0.042647
0 0.513971 0.822059 0.042647 0.061765
0 0.654412 0.786029 0.050000 0.045588
0 0.694853 0.643382 0.036765 0.033824
0 0.303676 0.847794 0.057353 0.063235
0 0.103676 0.717647 0.066176 0.055882
0 0.092647 0.662500 0.047059 0.051471
0 0.136765 0.644853 0.041176 0.054412
0 0.062500 0.711029 0.045588 0.048529
0 0.037500 0.897059 0.045588 0.061765
0 0.096324 0.968382 0.042647 0.045588
0 0.129412 0.920588 0.052941 0.052941
0 0.082353 0.913235 0.041176 0.058824
0 0.240441 0.955147 0.051471 0.051471
0 0.224265 0.871324 0.048529 0.045588
0 0.264706 0.836765 0.050000 0.050000
0 0.616912 0.165441 0.039706 0.063235
0 0.510294 0.046324 0.050000 0.057353
0 0.557353 0.091912 0.055882 0.057353
1 0.389706 0.141176 0.038235 0.038235
1 0.052206 0.079412 0.045588 0.052941
1 0.101471 0.083088 0.055882 0.057353
0 0.204412 0.071324 0.044118 0.042647
0 0.262500 0.058088 0.054412 0.051471
0 0.940441 0.102941 0.057353 0.050000
0 0.936029 0.052941 0.051471 0.050000
0 0.863235 0.032353 0.044118 0.061765
0 0.608088 0.066176 0.048529 0.047059
0 0.588971 0.025000 0.042647 0.047059
0 0.774265 0.333824 0.048529 0.055882
0 0.695588 0.598529 0.050000 0.047059
0 0.863971 0.545588 0.045588 0.050000
0 0.968382 0.476471 0.051471 0.058824
0 0.916912 0.527206 0.039706 0.048529
0 0.895588 0.493382 0.041176 0.036765
0 0.911765 0.347059 0.044118 0.047059
0 0.836029 0.299265 0.051471 0.051471
0 0.518382 0.975000 0.063235 0.050000
0 0.496324 0.740441 0.039706 0.048529
0 0.850735 0.365441 0.036765 0.057353
