0 0.128676 0.016912 0.063235 0.030882
0 0.144118 0.095588 0.044118 0.050000
0 0.065441 0.091176 0.051471 0.052941
0 0.025735 0.176471 0.048529 0.061765
0 0.096324 0.199265 0.054412 0.057353
0 0.034559 0.261765 0.054412 0.058824
0 0.170588 0.198529 0.047059 0.055882
0 0.203676 0.066176 0.051471 0.058824
0 0.266176 0.060294 0.044118 0.044118
0 0.317647 0.074265 0.044118 0.057353
0 0.362500 0.076471 0.039706 0.058824
0 0.349265 0.025000 0.051471 0.047059
0 0.255882 0.024265 0.052941 0.045588
0 0.593382 0.126471 0.060294 0.058824
0 0.560294 0.066176 0.047059 0.052941
0 0.496324 0.050000 0.048529 0.064706
0 0.402206 0.025000 0.045588 0.047059
0 0.667647 0.083088 0.061765 0.060294
0 0.444118 0.025735 0.038235 0.048529
0 0.063235 0.372794 0.050000 0.057353
0 0.138971 0.396324 0.042647 0.042647
0 0.258824 0.281618 0.047059 0.063235
0 0.307353 0.264706 0.041176 0.061765
0 0.202941 0.401471 0.047059 0.058824
0 0.597059 0.458824 0.052941 0.061765
0 0.550735 0.511029 0.051471 0.057353
0 0.680147 0.784559 0.063235 0.069118
0 0.828676 0.767647 0.048529 0.058824
0 0.856618 0.683088 0.048529 0.060294
0 0.808088 0.681618 0.042647 0.060294
0 0.753676 0.666912 0.048529 0.054412
0 0.726471 0.728676 0.035294 0.057353
0 0.774265 0.728676 0.051471 0.057353
0 0.769118 0.776471 0.044118 0.044118
0 0.752941 0.826471 0.047059 0.055882
0 0.796324 0.605882 0.063235 0.076471
0 0.680882 0.589706 0.055882 0.058824
0 0.888971 0.561029 0.054412 0.054412
0 0.887500 0.613971 0.030882 0.039706
0 0.932353 0.613971 0.032353 0.045588
0 0.901471 0.669118 0.035294 0.052941
0 0.775735 0.475000 0.063235 0.067647
0 0.861765 0.444853 0.044118 0.045588
0 0.880882 0.497059 0.052941 0.052941
0 0.682353 0.375735 0.064706 0.066176
0 0.677206 0.438971 0.060294 0.063235
0 0.958088 0.435294 0.063235 0.070588
0 0.022059 0.922794 0.041176 0.054412
0 0.174265 0.849265 0.042647 0.045588
0 0.101471 0.978676 0.044118 0.042647
0 0.109559 0.446324 0.036765 0.042647
