0 0.027206 0.807353 0.048529 0.061765
0 0.047059 0.747794 0.052941 0.051471
0 0.064706 0.706618 0.050000 0.048529
0 0.036765 0.647059 0.044118 0.047059
0 0.084559 0.649265 0.045588 0.048529
0 0.147059 0.802941 0.047059 0.041176
0 0.124265 0.701471 0.045588 0.044118
0 0.163235 0.752206 0.061765 0.045588
0 0.143382 0.502206 0.048529 0.048529
0 0.035294 0.483824 0.058824 0.055882
0 0.054412 0.593382 0.055882 0.051471
0 0.074265 0.544118 0.048529 0.050000
0 0.121324 0.552206 0.045588 0.054412
0 0.104412 0.589706 0.044118 0.047059
0 0.530147 0.241912 0.042647 0.054412
0 0.731618 0.713971 0.042647 0.042647
0 0.677941 0.713235 0.044118 0.047059
0 0.705147 0.661029 0.054412 0.045588
0 0.654412 0.666912 0.050000 0.042647
0 0.574265 0.900000 0.048529 0.052941
1 0.344853 0.180882 0.051471 0.038235
1 0.336029 0.225735 0.051471 0.039706
1 0.407353 0.199265 0.047059 0.036765
1 0.455882 0.216912 0.050000 0.042647
1 0.486029 0.192647 0.033824 0.041176
1 0.577206 0.268382 0.042647 0.039706
1 0.633824 0.283088 0.058824 0.045588
1 0.636029 0.241912 0.030882 0.036765
1 0.587500 0.393382 0.030882 0.057353
1 0.628676 0.384559 0.042647 0.030882
1 0.764706 0.412500 0.044118 0.042647
1 0.822794 0.435294 0.051471 0.041176
1 0.827206 0.373529 0.054412 0.050000
1 0.874265 0.355882 0.042647 0.044118
1 0.926471 0.400735 0.050000 0.042647
1 0.894118 0.447059 0.052941 0.038235
1 0.858088 0.476471 0.030882 0.038235
1 0.820588 0.470588 0.035294 0.041176
1 0.487500 0.541176 0.051471 0.050000
1 0.445588 0.683824 0.050000 0.050000
1 0.561029 0.569853 0.027941 0.057353
1 0.593382 0.593382 0.039706 0.033824
1 0.577206 0.622794 0.051471 0.036765
1 0.556618 0.655147 0.022059 0.033824
1 0.330147 0.798529 0.045588 0.050000
1 0.252206 0.869853 0.060294 0.045588
1 0.308088 0.886765 0.039706 0.044118
1 0.231618 0.650000 0.045588 0.055882
1 0.566912 0.036765 0.048529 0.044118
1 0.631618 0.050000 0.051471 0.044118
1 0.716176 0.125735 0.055882 0.036765
1 0.726471 0.083088 0.064706 0.051471
1 0.856618 0.080147 0.039706 0.054412
1 0.906618 0.150000 0.051471 0.038235
1 0.878676 0.188971 0.051471 0.039706
1 0.961765 0.153676 0.058824 0.039706
1 0.755147 0.936029 0.048529 0.042647
1 0.677941 0.865441 0.044118 0.039706
1 0.686765 0.811765 0.038235 0.041176
1 0.726471 0.825000 0.047059 0.061765
1 0.911765 0.711765 0.055882 0.041176
1 0.967647 0.925735 0.058824 0.039706
1 0.297794 0.823529 0.042647 0.038235
1 0.338235 0.865441 0.044118 0.033824
