1 0.146324 0.029412 0.054412 0.055882
1 0.208088 0.022794 0.045588 0.039706
1 0.352941 0.052206 0.058824 0.042647
1 0.431618 0.035294 0.048529 0.044118
1 0.557353 0.102206 0.044118 0.051471
1 0.631618 0.075000 0.054412 0.052941
1 0.632353 0.186765 0.058824 0.070588
1 0.755882 0.109559 0.050000 0.051471
1 0.817647 0.188235 0.055882 0.050000
1 0.736029 0.238971 0.063235 0.060294
1 0.816912 0.253676 0.045588 0.039706
1 0.661765 0.020588 0.055882 0.038235
1 0.943382 0.369118 0.048529 0.055882
1 0.866176 0.432353 0.055882 0.058824
1 0.787500 0.372794 0.054412 0.051471
1 0.578676 0.338235 0.066176 0.047059
1 0.612500 0.376471 0.048529 0.038235
1 0.725735 0.513971 0.066176 0.051471
1 0.697794 0.558088 0.042647 0.042647
1 0.669118 0.489706 0.052941 0.052941
1 0.416912 0.361765 0.063235 0.035294
1 0.444118 0.391912 0.032353 0.036765
1 0.483088 0.407353 0.033824 0.029412
1 0.467647 0.460294 0.044118 0.035294
1 0.275000 0.397059 0.050000 0.044118
1 0.194118 0.391176 0.050000 0.047059
1 0.230147 0.341912 0.036765 0.036765
1 0.375735 0.300735 0.048529 0.039706
1 0.330882 0.289706 0.041176 0.041176
1 0.402941 0.201471 0.050000 0.041176
1 0.446324 0.233088 0.057353 0.039706
1 0.511765 0.219118 0.052941 0.041176
1 0.502206 0.322059 0.054412 0.052941
1 0.559559 0.266912 0.039706 0.042647
1 0.938235 0.074265 0.052941 0.042647
1 0.909559 0.048529 0.039706 0.038235
1 0.977941 0.557353 0.044118 0.061765
1 0.816912 0.655882 0.033824 0.035294
1 0.858824 0.761029 0.058824 0.051471
1 0.791912 0.747059 0.039706 0.047059
1 0.775000 0.783824 0.029412 0.035294
1 0.780882 0.834559 0.052941 0.057353
1 0.802941 0.902206 0.055882 0.057353
1 0.904412 0.833824 0.041176 0.041176
1 0.422059 0.883088 0.076471 0.060294
1 0.346324 0.872059 0.069118 0.061765
1 0.401471 0.813235 0.073529 0.052941
1 0.468382 0.775735 0.054412 0.039706
1 0.480882 0.693382 0.052941 0.048529
1 0.413235 0.754412 0.047059 0.055882
1 0.230882 0.633088 0.038235 0.045588
1 0.338971 0.581618 0.048529 0.042647
1 0.377941 0.569118 0.038235 0.029412
1 0.218382 0.851471 0.054412 0.047059
1 0.162500 0.827206 0.045588 0.039706
1 0.086765 0.916176 0.052941 0.041176
1 0.056618 0.816176 0.045588 0.064706
1 0.078676 0.766912 0.045588 0.051471
1 0.087500 0.671324 0.042647 0.039706
1 0.052941 0.703676 0.038235 0.027941
1 0.090441 0.725000 0.045588 0.032353
1 0.100000 0.486029 0.126471 0.089706
1 0.122059 0.513971 0.052941 0.039706
1 0.119853 0.456618 0.045588 0.048529
1 0.575735 0.986029 0.057353 0.027941
1 0.273529 0.969118 0.047059 0.044118
