0 0.367647 0.113803 0.038235 0.045521
0 0.452941 0.123348 0.050000 0.055800
0 0.268382 0.204112 0.054412 0.046990
0 0.339706 0.238620 0.055882 0.057269
0 0.259559 0.271659 0.054412 0.052863
0 0.422059 0.231278 0.044118 0.048458
0 0.400735 0.279001 0.054412 0.049927
0 0.312500 0.350220 0.051471 0.063142
0 0.106618 0.431718 0.042647 0.055800
0 0.054412 0.494126 0.067647 0.066079
0 0.119118 0.534508 0.061765 0.067548
0 0.178676 0.505874 0.072059 0.051395
0 0.263235 0.474302 0.061765 0.055800
0 0.203676 0.586637 0.063235 0.057269
0 0.197794 0.727606 0.057353 0.054332
0 0.268382 0.684288 0.051471 0.052863
0 0.279412 0.612335 0.058824 0.052863
0 0.272059 0.767988 0.055882 0.058737
0 0.289706 0.721733 0.052941 0.054332
0 0.450000 0.731278 0.050000 0.055800
0 0.391912 0.709251 0.048529 0.049927
0 0.502941 0.687225 0.050000 0.052863
0 0.568382 0.698238 0.051471 0.057269
0 0.625000 0.698238 0.052941 0.054332
0 0.568382 0.755507 0.048529 0.048458
0 0.622059 0.761380 0.052941 0.066079
0 0.724265 0.727606 0.054412 0.063142
0 0.563235 0.615272 0.050000 0.058737
0 0.627941 0.616006 0.055882 0.063142
0 0.711029 0.559471 0.051471 0.055800
0 0.780147 0.574156 0.051471 0.055800
0 0.753676 0.637298 0.054412 0.046990
0 0.695588 0.620411 0.044118 0.045521
0 0.645588 0.561674 0.052941 0.048458
0 0.587500 0.556535 0.060294 0.055800
0 0.485294 0.625551 0.058824 0.049927
0 0.374265 0.523495 0.048529 0.057269
0 0.771324 0.411160 0.054412 0.058737
0 0.771324 0.364905 0.054412 0.045521
0 0.907353 0.449339 0.061765 0.058737
0 0.869118 0.519090 0.064706 0.063142
0 0.852206 0.646843 0.054412 0.054332
0 0.694853 0.449339 0.054412 0.049927
0 0.597794 0.384728 0.048529 0.049927
0 0.391912 0.343612 0.048529 0.041116
0 0.362500 0.460352 0.051471 0.054332
0 0.241176 0.392805 0.064706 0.048458
0 0.319118 0.450808 0.050000 0.046990
0 0.047794 0.765051 0.069118 0.067548
0 0.183824 0.778267 0.047059 0.067548
0 0.730882 0.869310 0.041176 0.052863
0 0.775735 0.939794 0.042647 0.046990
0 0.789706 0.886197 0.044118 0.057269
0 0.822059 0.953010 0.047059 0.061674
0 0.575000 0.326725 0.052941 0.042584
0 0.497794 0.248899 0.051471 0.054332
0 0.487500 0.180617 0.045588 0.055800
0 0.572794 0.113069 0.036765 0.044053
0 0.522794 0.111601 0.036765 0.041116
0 0.328676 0.030103 0.051471 0.048458
0 0.425000 0.036711 0.047059 0.044053
0 0.600000 0.027900 0.047059 0.049927
0 0.146324 0.415565 0.048529 0.052863
0 0.169853 0.457416 0.048529 0.042584
0 0.487500 0.364170 0.045588 0.044053
0 0.527206 0.415565 0.051471 0.049927
0 0.291912 0.155653 0.042647 0.044053
0 0.544853 0.185022 0.042647 0.038179
1 0.931618 0.259912 0.045588 0.032305
1 0.663235 0.132159 0.052941 0.041116
1 0.619118 0.173275 0.032353 0.049927
1 0.600000 0.223935 0.035294 0.045521
1 0.631618 0.246696 0.039706 0.035242
1 0.704412 0.037445 0.032353 0.048458
1 0.869853 0.034508 0.030882 0.048458
1 0.980147 0.701175 0.039706 0.054332
1 0.930147 0.830396 0.033824 0.054332
0 0.136765 0.654185 0.052941 0.048458
0 0.111029 0.344347 0.039706 0.051395
0 0.153676 0.346549 0.033824 0.041116
0 0.060294 0.417768 0.047059 0.051395
0 0.431618 0.365639 0.036765 0.044053
0 0.532353 0.541116 0.041176 0.048458
0 0.441912 0.471366 0.054412 0.055800
0 0.405882 0.580029 0.052941 0.061674
0 0.323529 0.773862 0.058824 0.058737
0 0.581618 0.911160 0.063235 0.054332
0 0.730882 0.782673 0.047059 0.055800
0 0.069118 0.145374 0.050000 0.041116
0 0.047794 0.215859 0.042647 0.041116
0 0.024265 0.256975 0.042647 0.044053
0 0.203676 0.084435 0.039706 0.033774
