0 0.261765 0.126471 0.050000 0.055882
0 0.198529 0.153676 0.047059 0.048529
0 0.270588 0.269853 0.044118 0.054412
0 0.261765 0.186765 0.047059 0.050000
0 0.305147 0.178676 0.039706 0.051471
0 0.301471 0.091912 0.047059 0.048529
0 0.313971 0.131618 0.042647 0.039706
0 0.508088 0.127206 0.045588 0.054412
0 0.419118 0.045588 0.061765 0.052941
0 0.583088 0.154412 0.060294 0.052941
0 0.649265 0.153676 0.036765 0.042647
0 0.652941 0.100000 0.061765 0.058824
0 0.777206 0.299265 0.048529 0.051471
0 0.874265 0.304412 0.045588 0.052941
0 0.908088 0.240441 0.054412 0.057353
0 0.829412 0.171324 0.044118 0.045588
0 0.863235 0.141176 0.052941 0.047059
0 0.713235 0.286029 0.044118 0.042647
0 0.625000 0.427941 0.055882 0.058824
0 0.878676 0.200735 0.048529 0.051471
0 0.975735 0.219853 0.048529 0.072059
0 0.970588 0.266176 0.050000 0.055882
0 0.933824 0.327941 0.035294 0.044118
0 0.979412 0.327941 0.041176 0.058824
0 0.981618 0.389706 0.036765 0.050000
0 0.300735 0.486765 0.066176 0.050000
0 0.375000 0.480147 0.050000 0.048529
0 0.428676 0.520588 0.048529 0.044118
0 0.535294 0.554412 0.055882 0.047059
0 0.626471 0.611029 0.058824 0.057353
0 0.462500 0.640441 0.066176 0.051471
0 0.203676 0.547059 0.066176 0.052941
0 0.302206 0.563235 0.054412 0.047059
0 0.371324 0.569853 0.051471 0.060294
0 0.246324 0.699265 0.054412 0.063235
0 0.171324 0.813971 0.054412 0.054412
0 0.501471 0.778676 0.052941 0.072059
0 0.585294 0.691912 0.050000 0.069118
0 0.536765 0.700735 0.061765 0.066176
0 0.322059 0.782353 0.052941 0.061765
0 0.327941 0.738235 0.050000 0.055882
0 0.739706 0.772059 0.050000 0.061765
0 0.756618 0.864706 0.042647 0.055882
0 0.758824 0.913971 0.044118 0.063235
0 0.811765 0.751471 0.047059 0.050000
0 0.626471 0.813235 0.055882 0.052941
0 0.641176 0.906618 0.047059 0.048529
0 0.683088 0.917647 0.045588 0.044118
0 0.679412 0.869118 0.050000 0.047059
0 0.685294 0.822059 0.041176 0.052941
0 0.636029 0.855882 0.045588 0.050000
0 0.835294 0.888235 0.035294 0.052941
0 0.820588 0.803676 0.050000 0.057353
0 0.841912 0.941176 0.057353 0.055882
0 0.920588 0.930147 0.050000 0.057353
0 0.953676 0.788235 0.054412 0.050000
0 0.911029 0.749265 0.048529 0.048529
0 0.962500 0.744118 0.057353 0.052941
0 0.939706 0.596324 0.061765 0.066176
0 0.894118 0.606618 0.050000 0.057353
0 0.802941 0.591912 0.058824 0.051471
0 0.753676 0.626471 0.066176 0.058824
0 0.828676 0.482353 0.051471 0.064706
0 0.952941 0.534559 0.061765 0.063235
0 0.038235 0.400735 0.061765 0.069118
0 0.047794 0.249265 0.045588 0.045588
0 0.046324 0.199265 0.042647 0.042647
0 0.043382 0.150735 0.045588 0.045588
0 0.169853 0.194118 0.051471 0.044118
0 0.172059 0.235294 0.047059 0.038235
0 0.175000 0.334559 0.044118 0.048529
0 0.175735 0.281618 0.048529 0.048529
0 0.348529 0.046324 0.067647 0.069118
0 0.474265 0.883088 0.048529 0.060294
0 0.849265 0.215441 0.039706 0.042647
0 0.847059 0.258088 0.058824 0.048529
0 0.174265 0.711765 0.042647 0.047059
0 0.962500 0.125735 0.039706 0.045588
0 0.847794 0.019853 0.054412 0.036765
0 0.388971 0.332353 0.063235 0.050000
