0 0.091176 0.063971 0.058824 0.051471
0 0.148529 0.190441 0.061765 0.066176
0 0.038971 0.172059 0.051471 0.052941
0 0.088971 0.166176 0.054412 0.052941
0 0.063971 0.283088 0.066176 0.063235
0 0.125735 0.270588 0.045588 0.050000
0 0.193382 0.241176 0.039706 0.041176
0 0.212500 0.204412 0.036765 0.035294
0 0.241176 0.244118 0.047059 0.055882
0 0.287500 0.284559 0.048529 0.042647
0 0.271324 0.341912 0.048529 0.054412
0 0.313235 0.372059 0.047059 0.047059
0 0.279412 0.403676 0.044118 0.051471
0 0.320588 0.421324 0.041176 0.048529
0 0.216912 0.302941 0.051471 0.047059
0 0.165441 0.292647 0.045588 0.050000
0 0.101471 0.372794 0.050000 0.045588
0 0.152206 0.380147 0.042647 0.051471
0 0.202941 0.366176 0.050000 0.044118
0 0.178676 0.422059 0.048529 0.044118
0 0.231618 0.428676 0.051471 0.048529
0 0.205882 0.468382 0.050000 0.048529
0 0.096324 0.416912 0.054412 0.036765
0 0.039706 0.438235 0.044118 0.041176
0 0.055147 0.349265 0.042647 0.042647
0 0.091176 0.454412 0.050000 0.041176
0 0.283088 0.454412 0.045588 0.041176
0 0.290441 0.506618 0.051471 0.042647
0 0.236765 0.511765 0.044118 0.044118
0 0.180147 0.523529 0.048529 0.052941
0 0.087500 0.535294 0.048529 0.050000
0 0.113971 0.499265 0.039706 0.042647
0 0.116176 0.582353 0.044118 0.041176
0 0.018382 0.480147 0.033824 0.045588
0 0.059559 0.572794 0.045588 0.048529
0 0.082353 0.621324 0.047059 0.048529
0 0.105147 0.664706 0.054412 0.041176
0 0.119118 0.707353 0.050000 0.050000
0 0.038971 0.705882 0.054412 0.047059
0 0.024265 0.658088 0.045588 0.051471
0 0.173529 0.634559 0.047059 0.051471
0 0.171324 0.709559 0.048529 0.054412
0 0.161765 0.580882 0.047059 0.050000
0 0.207353 0.575000 0.047059 0.044118
0 0.144118 0.752206 0.044118 0.036765
0 0.134559 0.794118 0.045588 0.044118
0 0.182353 0.791912 0.052941 0.048529
0 0.208824 0.830882 0.044118 0.047059
0 0.152941 0.831618 0.044118 0.048529
0 0.077941 0.797794 0.044118 0.045588
0 0.026471 0.789706 0.050000 0.047059
0 0.267647 0.831618 0.050000 0.048529
0 0.333824 0.887500 0.050000 0.051471
0 0.363971 0.830882 0.045588 0.055882
0 0.417647 0.826471 0.044118 0.050000
0 0.397059 0.780882 0.044118 0.041176
0 0.436029 0.889706 0.042647 0.041176
0 0.438971 0.947059 0.060294 0.055882
0 0.272059 0.978676 0.041176 0.042647
0 0.330882 0.975000 0.052941 0.050000
0 0.521324 0.914706 0.057353 0.052941
0 0.533824 0.963235 0.038235 0.038235
0 0.579412 0.958824 0.041176 0.047059
0 0.624265 0.890441 0.080882 0.060294
0 0.635294 0.941176 0.047059 0.041176
0 0.520588 0.833824 0.061765 0.047059
0 0.497794 0.783088 0.057353 0.060294
0 0.547794 0.786029 0.045588 0.051471
0 0.588235 0.785294 0.041176 0.058824
0 0.638971 0.773529 0.051471 0.052941
0 0.672059 0.827206 0.047059 0.057353
0 0.616176 0.830882 0.047059 0.050000
0 0.722794 0.873529 0.051471 0.044118
0 0.734559 0.830882 0.051471 0.052941
0 0.719118 0.785294 0.044118 0.050000
0 0.763971 0.779412 0.042647 0.050000
0 0.792647 0.812500 0.047059 0.051471
0 0.859559 0.848529 0.045588 0.050000
0 0.911029 0.869118 0.042647 0.050000
0 0.950000 0.878676 0.035294 0.051471
0 0.980882 0.854412 0.038235 0.055882
0 0.977941 0.730147 0.044118 0.054412
0 0.920588 0.735294 0.050000 0.047059
0 0.838971 0.691176 0.042647 0.055882
0 0.797059 0.656618 0.052941 0.054412
0 0.733088 0.705147 0.051471 0.045588
0 0.674265 0.724265 0.045588 0.042647
0 0.876471 0.697794 0.032353 0.048529
0 0.920588 0.686765 0.044118 0.044118
0 0.957353 0.669853 0.047059 0.045588
0 0.913971 0.628676 0.048529 0.048529
0 0.840441 0.597059 0.042647 0.047059
0 0.869853 0.645588 0.045588 0.044118
0 0.714706 0.650000 0.050000 0.047059
0 0.671324 0.672794 0.042647 0.048529
0 0.618382 0.629412 0.060294 0.055882
0 0.530147 0.676471 0.042647 0.047059
0 0.593382 0.674265 0.048529 0.048529
0 0.476471 0.724265 0.050000 0.045588
0 0.428676 0.660294 0.054412 0.055882
0 0.361765 0.663235 0.047059 0.047059
0 0.336029 0.700735 0.048529 0.042647
0 0.811765 0.545588 0.055882 0.050000
0 0.891912 0.488971 0.048529 0.048529
0 0.825735 0.484559 0.042647 0.039706
0 0.782353 0.478676 0.047059 0.045588
0 0.703676 0.494118 0.051471 0.044118
0 0.738235 0.541912 0.044118 0.042647
0 0.719118 0.604412 0.041176 0.041176
0 0.661029 0.591912 0.042647 0.048529
0 0.604412 0.488235 0.041176 0.052941
0 0.545588 0.497794 0.058824 0.051471
0 0.513235 0.597059 0.055882 0.058824
0 0.566176 0.589706 0.047059 0.047059
0 0.551471 0.544118 0.050000 0.052941
0 0.494118 0.518382 0.052941 0.057353
0 0.407353 0.532353 0.061765 0.055882
0 0.358824 0.586765 0.061765 0.058824
0 0.264706 0.713235 0.044118 0.050000
0 0.253676 0.662500 0.051471 0.048529
0 0.377941 0.426471 0.058824 0.055882
0 0.440441 0.482353 0.051471 0.044118
0 0.445588 0.443382 0.047059 0.045588
0 0.505147 0.443382 0.057353 0.051471
0 0.582353 0.434559 0.041176 0.045588
0 0.643382 0.422059 0.054412 0.055882
0 0.656618 0.356618 0.051471 0.045588
0 0.789706 0.394118 0.050000 0.050000
0 0.877941 0.422059 0.052941 0.052941
0 0.953676 0.397059 0.045588 0.052941
0 0.952941 0.450000 0.041176 0.047059
0 0.896324 0.342647 0.027941 0.044118
0 0.851471 0.336029 0.044118 0.051471
0 0.834559 0.288971 0.048529 0.042647
0 0.773529 0.303676 0.061765 0.051471
0 0.718382 0.294118 0.054412 0.064706
0 0.952206 0.236765 0.051471 0.050000
0 0.430147 0.352941 0.042647 0.041176
0 0.484559 0.316912 0.051471 0.054412
0 0.494853 0.379412 0.057353 0.052941
0 0.535294 0.326471 0.038235 0.047059
0 0.519118 0.272794 0.052941 0.048529
0 0.472059 0.165441 0.052941 0.045588
0 0.446324 0.111029 0.063235 0.063235
0 0.640441 0.302206 0.054412 0.048529
0 0.665441 0.260294 0.042647 0.041176
0 0.658088 0.176471 0.057353 0.055882
0 0.591176 0.252941 0.050000 0.041176
0 0.579412 0.209559 0.061765 0.045588
0 0.525735 0.205147 0.051471 0.048529
0 0.713971 0.171324 0.045588 0.054412
0 0.772059 0.188235 0.050000 0.052941
0 0.819853 0.191912 0.039706 0.048529
0 0.977941 0.038235 0.044118 0.050000
0 0.947059 0.181618 0.052941 0.042647
0 0.902941 0.182353 0.047059 0.047059
0 0.885294 0.138971 0.047059 0.039706
0 0.872059 0.090441 0.047059 0.045588
0 0.913971 0.105882 0.036765 0.044118
0 0.958824 0.114706 0.041176 0.038235
0 0.868382 0.052206 0.045588 0.036765
0 0.870588 0.019853 0.050000 0.036765
0 0.627206 0.119118 0.051471 0.050000
0 0.577206 0.113235 0.045588 0.055882
0 0.527206 0.110294 0.051471 0.064706
0 0.434559 0.308088 0.042647 0.048529
