0 0.095588 0.758088 0.041176 0.033824
0 0.207353 0.696324 0.044118 0.039706
0 0.260294 0.672794 0.035294 0.039706
0 0.300000 0.685294 0.032353 0.041176
0 0.341912 0.690441 0.033824 0.045588
0 0.375000 0.693382 0.035294 0.039706
0 0.414706 0.725000 0.035294 0.041176
0 0.441912 0.737500 0.039706 0.039706
0 0.201471 0.857353 0.041176 0.044118
0 0.092647 0.826471 0.047059 0.035294
0 0.130147 0.796324 0.048529 0.045588
0 0.166176 0.750000 0.058824 0.050000
0 0.194853 0.808088 0.051471 0.045588
0 0.042647 0.826471 0.041176 0.038235
0 0.041912 0.870588 0.042647 0.038235
0 0.422059 0.895588 0.041176 0.047059
0 0.397059 0.939706 0.044118 0.047059
0 0.317647 0.831618 0.047059 0.042647
0 0.275000 0.896324 0.044118 0.045588
0 0.215441 0.936765 0.048529 0.047059
0 0.087500 0.970588 0.039706 0.047059
0 0.327206 0.933088 0.042647 0.042647
0 0.330882 0.894118 0.052941 0.044118
0 0.306618 0.981618 0.051471 0.036765
0 0.271324 0.972059 0.036765 0.038235
0 0.568382 0.967647 0.048529 0.047059
0 0.670588 0.892647 0.050000 0.052941
0 0.652206 0.938971 0.051471 0.048529
0 0.483824 0.963235 0.050000 0.047059
0 0.886029 0.559559 0.045588 0.051471
0 0.646324 0.438971 0.045588 0.039706
0 0.903676 0.434559 0.039706 0.036765
0 0.917647 0.483824 0.038235 0.047059
0 0.214706 0.543382 0.044118 0.048529
0 0.061765 0.538971 0.058824 0.048529
0 0.202206 0.600735 0.048529 0.051471
0 0.255882 0.568382 0.044118 0.039706
0 0.291176 0.613235 0.041176 0.038235
0 0.253676 0.604412 0.042647 0.052941
0 0.257353 0.780147 0.055882 0.042647
0 0.266176 0.722794 0.061765 0.042647
1 0.032353 0.050000 0.041176 0.050000
1 0.149265 0.025735 0.060294 0.048529
1 0.396324 0.100735 0.039706 0.060294
1 0.319853 0.208088 0.048529 0.042647
1 0.339706 0.169853 0.070588 0.048529
1 0.189706 0.349265 0.055882 0.054412
1 0.124265 0.307353 0.060294 0.047059
1 0.349265 0.450735 0.042647 0.075000
1 0.394853 0.379412 0.072059 0.058824
1 0.495588 0.556618 0.055882 0.030882
1 0.511765 0.617647 0.055882 0.061765
1 0.468382 0.641176 0.039706 0.050000
1 0.437500 0.541912 0.042647 0.036765
1 0.433088 0.585294 0.060294 0.041176
1 0.590441 0.688235 0.048529 0.032353
1 0.616912 0.727206 0.054412 0.045588
1 0.632353 0.758088 0.047059 0.042647
1 0.764706 0.703676 0.047059 0.042647
1 0.786765 0.748529 0.044118 0.047059
1 0.800735 0.367647 0.051471 0.058824
1 0.782353 0.428676 0.055882 0.039706
1 0.709559 0.506618 0.039706 0.045588
1 0.724265 0.554412 0.039706 0.050000
1 0.783824 0.532353 0.047059 0.050000
1 0.833088 0.518382 0.036765 0.033824
