0 0.217647 0.036711 0.047059 0.049927
0 0.191176 0.079295 0.052941 0.049927
0 0.150735 0.110132 0.045588 0.044053
0 0.130147 0.147577 0.048529 0.051395
0 0.080147 0.179883 0.048529 0.051395
0 0.165441 0.034508 0.039706 0.048458
0 0.114706 0.019090 0.041176 0.035242
0 0.344118 0.301762 0.055882 0.066079
0 0.434559 0.470631 0.051471 0.063142
0 0.280147 0.544787 0.048529 0.055800
0 0.317647 0.596182 0.052941 0.067548
0 0.473529 0.653451 0.067647 0.067548
0 0.453676 0.318649 0.048529 0.049927
0 0.486765 0.373715 0.058824 0.063142
0 0.200000 0.946402 0.064706 0.060206
1 0.289706 0.089574 0.044118 0.038179
1 0.441912 0.131424 0.054412 0.039648
1 0.245588 0.160059 0.038235 0.035242
1 0.272059 0.202643 0.044118 0.035242
1 0.208088 0.266520 0.036765 0.036711
1 0.119118 0.245962 0.032353 0.036711
1 0.091912 0.290015 0.039706 0.030837
1 0.088235 0.337004 0.029412 0.042584
1 0.230882 0.334068 0.041176 0.030837
1 0.256618 0.316446 0.025000 0.024963
1 0.061765 0.317181 0.032353 0.020558
1 0.368382 0.192364 0.039706 0.032305
1 0.405882 0.178414 0.032353 0.042584
1 0.574265 0.134361 0.054412 0.039648
1 0.836029 0.233480 0.060294 0.032305
1 0.780882 0.237151 0.032353 0.027900
1 0.821324 0.295888 0.051471 0.027900
1 0.714706 0.267254 0.058824 0.032305
1 0.702206 0.325257 0.036765 0.045521
1 0.973529 0.395007 0.047059 0.044053
1 0.869853 0.467695 0.054412 0.027900
1 0.633824 0.540382 0.044118 0.032305
1 0.652206 0.638032 0.045588 0.036711
1 0.627941 0.674009 0.038235 0.046990
1 0.767647 0.693098 0.050000 0.038179
1 0.827206 0.665198 0.048529 0.049927
1 0.810294 0.599853 0.038235 0.051395
1 0.868382 0.626285 0.036765 0.048458
1 0.617647 0.801028 0.055882 0.042584
1 0.730147 0.845081 0.048529 0.036711
1 0.607353 0.868576 0.050000 0.042584
1 0.669118 0.885463 0.050000 0.035242
1 0.786765 0.908223 0.055882 0.036711
1 0.897059 0.888399 0.052941 0.046990
1 0.872059 0.938326 0.035294 0.032305
1 0.255882 0.670338 0.038235 0.042584
1 0.076471 0.651982 0.044118 0.052863
1 0.217647 0.815712 0.041176 0.042584
1 0.181618 0.860499 0.039706 0.049927
1 0.035294 0.883260 0.052941 0.042584
1 0.328676 0.828928 0.077941 0.048458
1 0.294853 0.870778 0.036765 0.049927
1 0.286029 0.918502 0.060294 0.045521
1 0.364706 0.686490 0.035294 0.048458
1 0.952941 0.698238 0.047059 0.033774
1 0.947794 0.773128 0.039706 0.036711
