0 0.080147 0.255882 0.060294 0.055882
0 0.088971 0.315441 0.054412 0.057353
0 0.183088 0.253676 0.054412 0.051471
0 0.283088 0.202206 0.063235 0.057353
0 0.341912 0.157353 0.054412 0.058824
0 0.422059 0.223529 0.052941 0.052941
0 0.475000 0.334559 0.041176 0.054412
0 0.503676 0.380147 0.039706 0.054412
0 0.656618 0.428676 0.060294 0.075000
0 0.738235 0.469853 0.064706 0.060294
0 0.785294 0.433824 0.055882 0.055882
0 0.724265 0.389706 0.060294 0.055882
0 0.735294 0.336029 0.055882 0.054412
0 0.828676 0.247059 0.039706 0.050000
0 0.835294 0.300000 0.044118 0.050000
0 0.392647 0.472059 0.064706 0.052941
0 0.329412 0.391176 0.058824 0.052941
0 0.161765 0.461765 0.064706 0.064706
0 0.273529 0.484559 0.055882 0.045588
0 0.240441 0.524265 0.060294 0.063235
0 0.308088 0.548529 0.051471 0.050000
0 0.173529 0.577206 0.067647 0.051471
0 0.117647 0.530147 0.061765 0.051471
0 0.268382 0.623529 0.060294 0.050000
0 0.092647 0.570588 0.058824 0.055882
0 0.091176 0.642647 0.058824 0.067647
0 0.141176 0.790441 0.047059 0.054412
0 0.026471 0.747059 0.050000 0.061765
0 0.077941 0.874265 0.050000 0.051471
0 0.115441 0.847794 0.045588 0.051471
0 0.122059 0.918382 0.058824 0.075000
0 0.336029 0.906618 0.051471 0.048529
0 0.455147 0.972794 0.057353 0.054412
0 0.869118 0.833088 0.061765 0.063235
0 0.819118 0.905882 0.061765 0.073529
0 0.955882 0.855147 0.052941 0.054412
0 0.907353 0.652206 0.058824 0.057353
0 0.931618 0.445588 0.048529 0.052941
0 0.959559 0.383824 0.051471 0.052941
0 0.912500 0.169118 0.048529 0.044118
0 0.874265 0.258824 0.051471 0.058824
0 0.691912 0.278676 0.057353 0.051471
0 0.853676 0.508088 0.045588 0.057353
0 0.457353 0.694118 0.064706 0.052941
0 0.547794 0.783824 0.072059 0.055882
0 0.978676 0.051471 0.042647 0.052941
