1 0.699265 0.836029 0.113235 0.107353
1 0.927941 0.703676 0.050000 0.054412
1 0.900735 0.604412 0.048529 0.055882
1 0.780882 0.651471 0.055882 0.070588
1 0.597059 0.603676 0.055882 0.042647
1 0.527206 0.791912 0.042647 0.042647
1 0.533824 0.719118 0.047059 0.044118
1 0.573529 0.750000 0.041176 0.058824
1 0.305882 0.732353 0.055882 0.050000
1 0.373529 0.746324 0.061765 0.045588
1 0.457353 0.766912 0.061765 0.051471
1 0.246324 0.712500 0.054412 0.048529
1 0.158088 0.363235 0.036765 0.052941
1 0.199265 0.366176 0.039706 0.032353
1 0.285294 0.381618 0.052941 0.039706
1 0.372059 0.358824 0.055882 0.044118
1 0.345588 0.387500 0.032353 0.039706
1 0.083088 0.327206 0.057353 0.036765
1 0.068382 0.429412 0.057353 0.044118
1 0.194118 0.438971 0.044118 0.039706
1 0.466176 0.525000 0.035294 0.052941
1 0.546324 0.430147 0.036765 0.045588
1 0.570588 0.545588 0.035294 0.050000
1 0.170588 0.599265 0.055882 0.042647
1 0.100000 0.669853 0.047059 0.077941
1 0.159559 0.691176 0.048529 0.041176
1 0.266176 0.666912 0.029412 0.039706
1 0.985294 0.825735 0.029412 0.057353
1 0.948529 0.854412 0.055882 0.032353
1 0.694853 0.758088 0.033824 0.057353
1 0.347794 0.077206 0.016176 0.022059
1 0.369118 0.073529 0.020588 0.020588
1 0.392647 0.078676 0.017647 0.019118
1 0.344118 0.100735 0.017647 0.019118
1 0.340441 0.122794 0.016176 0.022059
1 0.338235 0.145588 0.020588 0.020588
1 0.334559 0.169118 0.019118 0.023529
1 0.333824 0.191176 0.017647 0.023529
1 0.330147 0.213235 0.019118 0.020588
1 0.327206 0.234559 0.019118 0.022059
1 0.349265 0.241176 0.019118 0.020588
1 0.371324 0.246324 0.016176 0.019118
1 0.394118 0.247794 0.023529 0.019118
1 0.416912 0.250735 0.022059 0.019118
1 0.441912 0.254412 0.025000 0.017647
1 0.400735 0.204412 0.045588 0.044118
1 0.378676 0.168382 0.036765 0.025000
1 0.372059 0.101471 0.023529 0.017647
1 0.441912 0.177206 0.019118 0.019118
1 0.438971 0.195588 0.022059 0.020588
1 0.434559 0.217647 0.019118 0.020588
1 0.417647 0.176471 0.023529 0.023529
1 0.405882 0.107353 0.017647 0.020588
1 0.426471 0.110294 0.017647 0.023529
1 0.450000 0.116912 0.020588 0.016176
1 0.416912 0.079412 0.019118 0.020588
1 0.438235 0.083088 0.017647 0.019118
1 0.463235 0.085294 0.020588 0.020588
