0 0.267647 0.195588 0.061765 0.052941
0 0.260294 0.314706 0.041176 0.035294
0 0.144853 0.141176 0.045588 0.052941
0 0.213235 0.295588 0.041176 0.041176
0 0.481618 0.025735 0.057353 0.048529
0 0.052206 0.317647 0.045588 0.052941
0 0.127941 0.319118 0.052941 0.047059
0 0.945588 0.108824 0.064706 0.058824
0 0.858824 0.236765 0.061765 0.067647
0 0.560294 0.960294 0.064706 0.067647
0 0.815441 0.860294 0.057353 0.061765
0 0.856618 0.828676 0.069118 0.057353
0 0.720588 0.880147 0.061765 0.060294
0 0.875000 0.968382 0.055882 0.045588
0 0.706618 0.971324 0.048529 0.042647
0 0.788971 0.919853 0.042647 0.045588
0 0.746324 0.944118 0.051471 0.035294
0 0.762500 0.985294 0.051471 0.029412
0 0.975000 0.902941 0.044118 0.073529
0 0.183088 0.330147 0.045588 0.036765
0 0.431618 0.101471 0.039706 0.041176
0 0.308088 0.025735 0.039706 0.036765
0 0.271324 0.348529 0.042647 0.044118
0 0.212500 0.396324 0.042647 0.039706
0 0.201471 0.361029 0.038235 0.036765
0 0.233824 0.339706 0.035294 0.041176
0 0.127941 0.321324 0.050000 0.048529
0 0.833088 0.984559 0.039706 0.030882
0 0.795588 0.963971 0.047059 0.045588
