1 0.255147 0.095448 0.048529 0.058737
1 0.313235 0.160793 0.041176 0.048458
1 0.264706 0.228341 0.035294 0.045521
1 0.260294 0.277533 0.041176 0.055800
1 0.327206 0.243759 0.072059 0.044053
1 0.459559 0.176211 0.054412 0.055800
1 0.508088 0.294420 0.063235 0.042584
1 0.338235 0.403818 0.061765 0.052863
1 0.157353 0.294420 0.055882 0.039648
1 0.157353 0.411894 0.052941 0.045521
1 0.179412 0.456681 0.050000 0.032305
1 0.050735 0.160793 0.039706 0.039648
1 0.381618 0.069016 0.063235 0.046990
1 0.441176 0.114537 0.041176 0.055800
1 0.612500 0.113069 0.042647 0.055800
1 0.694118 0.082966 0.111765 0.066079
1 0.733824 0.150514 0.094118 0.063142
1 0.606618 0.203377 0.033824 0.039648
1 0.555882 0.271659 0.044118 0.038179
1 0.623529 0.306167 0.061765 0.060206
1 0.766912 0.237885 0.057353 0.061674
1 0.927206 0.031571 0.063235 0.054332
1 0.817647 0.291483 0.076471 0.069016
1 0.850000 0.350954 0.055882 0.055800
1 0.836765 0.458150 0.082353 0.067548
1 0.916912 0.595448 0.098529 0.066079
1 0.722794 0.542584 0.045588 0.051395
1 0.674265 0.436858 0.048529 0.039648
1 0.673529 0.512482 0.035294 0.038179
1 0.375735 0.502937 0.039706 0.051395
1 0.289706 0.530837 0.055882 0.051395
1 0.496324 0.604993 0.066176 0.038179
1 0.077941 0.532305 0.067647 0.048458
1 0.037500 0.589574 0.045588 0.042584
1 0.197794 0.853157 0.057353 0.038179
1 0.404412 0.659325 0.058824 0.055800
1 0.599265 0.828194 0.069118 0.070485
1 0.737500 0.706314 0.069118 0.064611
1 0.486029 0.939794 0.057353 0.055800
1 0.347059 0.640969 0.050000 0.048458
1 0.327941 0.566814 0.052941 0.041116
1 0.588971 0.416300 0.039706 0.036711
1 0.610294 0.458150 0.047059 0.035242
1 0.616176 0.549192 0.044118 0.035242
1 0.641176 0.383994 0.047059 0.039648
1 0.683088 0.378120 0.036765 0.045521
1 0.405147 0.376652 0.045588 0.039648
1 0.360294 0.302496 0.064706 0.038179
1 0.973529 0.710720 0.052941 0.064611
1 0.864706 0.870778 0.055882 0.058737
1 0.788235 0.848018 0.050000 0.045521
1 0.675735 0.975037 0.048529 0.044053
1 0.074265 0.942731 0.054412 0.041116
1 0.328676 0.813510 0.054412 0.044053
1 0.247794 0.389868 0.051471 0.039648
1 0.927941 0.930984 0.061765 0.046990
1 0.826471 0.913363 0.052941 0.049927
