0 0.286765 0.455882 0.047059 0.047059
0 0.347794 0.458088 0.060294 0.057353
0 0.354412 0.362500 0.050000 0.051471
0 0.449265 0.356618 0.054412 0.051471
0 0.406618 0.380882 0.048529 0.044118
0 0.411029 0.411765 0.033824 0.052941
0 0.513235 0.378676 0.044118 0.057353
0 0.558088 0.393382 0.036765 0.051471
0 0.604412 0.395588 0.041176 0.055882
0 0.506618 0.429412 0.045588 0.064706
0 0.552941 0.443382 0.052941 0.069118
0 0.600735 0.445588 0.048529 0.061765
0 0.658088 0.459559 0.054412 0.057353
0 0.559559 0.564706 0.060294 0.064706
0 0.619853 0.555147 0.063235 0.054412
0 0.627941 0.609559 0.070588 0.063235
0 0.605882 0.658088 0.058824 0.060294
0 0.740441 0.368382 0.072059 0.075000
0 0.440441 0.962500 0.042647 0.045588
0 0.500735 0.944853 0.054412 0.048529
0 0.450000 0.921324 0.050000 0.045588
0 0.688235 0.905882 0.055882 0.064706
0 0.873529 0.952941 0.061765 0.064706
0 0.780882 0.708088 0.064706 0.051471
0 0.868382 0.694853 0.057353 0.057353
0 0.938235 0.695588 0.047059 0.058824
0 0.975000 0.738235 0.050000 0.047059
0 0.967647 0.776471 0.038235 0.044118
0 0.761029 0.465441 0.063235 0.060294
0 0.916912 0.455147 0.057353 0.051471
0 0.979412 0.453676 0.041176 0.057353
0 0.106618 0.505882 0.054412 0.052941
0 0.088971 0.547794 0.051471 0.048529
0 0.767647 0.862500 0.061765 0.057353
0 0.558088 0.827206 0.060294 0.057353
0 0.543382 0.730147 0.051471 0.060294
0 0.614706 0.782353 0.050000 0.052941
0 0.796324 0.770588 0.048529 0.055882
0 0.717647 0.220588 0.041176 0.044118
0 0.855882 0.458088 0.058824 0.048529
0 0.918382 0.508824 0.051471 0.058824
0 0.730147 0.563235 0.051471 0.044118
0 0.744118 0.618382 0.052941 0.051471
0 0.301471 0.707353 0.055882 0.047059
0 0.108824 0.977206 0.052941 0.045588
0 0.072794 0.905147 0.042647 0.051471
0 0.383088 0.976471 0.057353 0.044118
0 0.044853 0.980882 0.057353 0.038235
0 0.538971 0.174265 0.060294 0.057353
0 0.457353 0.110294 0.041176 0.041176
0 0.547059 0.037500 0.044118 0.039706
0 0.872794 0.858088 0.057353 0.045588
0 0.585294 0.709559 0.035294 0.051471
0 0.561765 0.678676 0.047059 0.045588
0 0.643382 0.713971 0.054412 0.042647
0 0.752206 0.777206 0.051471 0.057353
0 0.620588 0.502206 0.064706 0.051471
0 0.405147 0.469853 0.051471 0.057353
0 0.483824 0.260294 0.050000 0.052941
