1 0.391176 0.094853 0.061765 0.060294
1 0.255147 0.136765 0.060294 0.061765
1 0.340441 0.061765 0.051471 0.050000
1 0.562500 0.283824 0.080882 0.076471
1 0.333088 0.408088 0.057353 0.057353
1 0.672059 0.086029 0.091176 0.077941
1 0.639706 0.874265 0.058824 0.054412
1 0.649265 0.791176 0.057353 0.055882
1 0.600000 0.830147 0.055882 0.051471
1 0.687500 0.686765 0.057353 0.064706
1 0.786029 0.653676 0.048529 0.048529
1 0.912500 0.952206 0.060294 0.063235
1 0.358088 0.745588 0.057353 0.055882
1 0.486029 0.939706 0.045588 0.041176
