0 0.686029 0.541850 0.042647 0.038179
1 0.021324 0.185756 0.039706 0.036711
1 0.195588 0.147577 0.047059 0.039648
1 0.311029 0.122614 0.054412 0.051395
1 0.344853 0.204112 0.057353 0.049927
1 0.348529 0.264317 0.085294 0.067548
1 0.309559 0.220999 0.042647 0.033774
1 0.438235 0.171072 0.064706 0.039648
1 0.463971 0.240822 0.057353 0.038179
1 0.466912 0.123348 0.045588 0.055800
1 0.497794 0.083700 0.042647 0.049927
1 0.588971 0.107930 0.045588 0.036711
1 0.591912 0.196769 0.054412 0.049927
1 0.611029 0.287078 0.051471 0.045521
1 0.642647 0.237885 0.047059 0.026432
1 0.761029 0.037445 0.069118 0.071953
1 0.875735 0.036711 0.057353 0.038179
1 0.820588 0.037445 0.047059 0.030837
1 0.702941 0.044787 0.050000 0.033774
1 0.921324 0.134361 0.066176 0.060206
1 0.871324 0.127753 0.042647 0.049927
1 0.800735 0.176946 0.039706 0.045521
1 0.821324 0.231278 0.042647 0.048458
1 0.890441 0.219530 0.042647 0.051395
1 0.830882 0.324523 0.058824 0.038179
1 0.873529 0.361968 0.038235 0.048458
1 0.973529 0.337739 0.052941 0.046990
1 0.925000 0.309838 0.047059 0.049927
1 0.959559 0.420705 0.045588 0.057269
1 0.944853 0.517621 0.042647 0.048458
1 0.861029 0.423642 0.048529 0.042584
1 0.810294 0.775330 0.076471 0.064611
1 0.772059 0.607930 0.052941 0.044053
1 0.777206 0.651248 0.057353 0.036711
1 0.966176 0.787812 0.038235 0.042584
1 0.924265 0.823789 0.051471 0.041116
1 0.410294 0.735683 0.067647 0.082232
1 0.461765 0.728341 0.044118 0.052863
1 0.586029 0.684288 0.054412 0.032305
1 0.610294 0.721733 0.044118 0.036711
1 0.656618 0.782673 0.051471 0.055800
1 0.648529 0.831865 0.050000 0.030837
1 0.719853 0.825257 0.057353 0.035242
1 0.714706 0.933186 0.047059 0.048458
1 0.664706 0.892805 0.032353 0.041116
1 0.746324 0.888399 0.048529 0.035242
1 0.820588 0.860499 0.050000 0.032305
1 0.836029 0.922907 0.042647 0.030837
1 0.801471 0.952276 0.026471 0.033774
1 0.966912 0.974302 0.057353 0.051395
1 0.439706 0.864905 0.041176 0.046990
1 0.340441 0.959618 0.042647 0.048458
1 0.194118 0.798825 0.050000 0.041116
1 0.047059 0.584435 0.052941 0.035242
1 0.108824 0.571219 0.038235 0.032305
1 0.351471 0.676211 0.055882 0.051395
1 0.025735 0.621880 0.039706 0.033774
1 0.129412 0.702643 0.035294 0.039648
1 0.221324 0.854626 0.066176 0.046990
1 0.047794 0.961087 0.054412 0.042584
1 0.018382 0.791483 0.033824 0.044053
1 0.276471 0.466226 0.070588 0.027900
1 0.355147 0.445668 0.060294 0.033774
1 0.359559 0.488987 0.042647 0.046990
1 0.308088 0.508076 0.045588 0.044053
1 0.264706 0.501468 0.038235 0.033774
1 0.109559 0.497063 0.039706 0.057269
1 0.147794 0.504405 0.045588 0.030837
1 0.327206 0.323054 0.045588 0.055800
1 0.494118 0.285609 0.041176 0.024963
1 0.525735 0.310573 0.039706 0.022026
1 0.536029 0.364170 0.051471 0.035242
1 0.580882 0.409692 0.038235 0.041116
1 0.641912 0.340675 0.051471 0.029369
1 0.672794 0.378855 0.039706 0.044053
1 0.710294 0.421439 0.052941 0.038179
1 0.728676 0.469163 0.054412 0.030837
1 0.736765 0.515419 0.050000 0.032305
1 0.750735 0.550661 0.039706 0.026432
1 0.738235 0.154919 0.047059 0.030837
1 0.302941 0.673275 0.035294 0.045521
1 0.331618 0.838473 0.048529 0.032305
1 0.342647 0.761380 0.035294 0.051395
1 0.381618 0.827460 0.042647 0.039648
1 0.398529 0.965492 0.032353 0.042584
1 0.494118 0.979442 0.035294 0.035242
1 0.921324 0.552863 0.045588 0.039648
