0 0.066912 0.049192 0.045588 0.051395
0 0.048529 0.101322 0.044118 0.044053
0 0.058824 0.209251 0.058824 0.045521
0 0.045588 0.254772 0.050000 0.045521
0 0.039706 0.298825 0.044118 0.048458
0 0.025735 0.350954 0.048529 0.052863
0 0.100000 0.246696 0.044118 0.049927
0 0.131618 0.188693 0.054412 0.045521
0 0.102941 0.365639 0.055882 0.052863
0 0.163235 0.424376 0.044118 0.055800
0 0.405147 0.397210 0.042647 0.051395
0 0.364706 0.420705 0.047059 0.045521
0 0.405147 0.278267 0.051471 0.054332
0 0.485294 0.303965 0.050000 0.052863
0 0.487500 0.365639 0.045588 0.044053
0 0.483824 0.576358 0.052941 0.054332
0 0.478676 0.626285 0.048529 0.045521
0 0.365441 0.574156 0.048529 0.052863
0 0.797059 0.447137 0.055882 0.054332
0 0.734559 0.513216 0.057353 0.048458
0 0.856618 0.483113 0.045588 0.058737
0 0.902941 0.459618 0.047059 0.052863
0 0.100000 0.513950 0.050000 0.058737
0 0.186765 0.494860 0.052941 0.049927
0 0.166912 0.540382 0.057353 0.052863
0 0.121324 0.553598 0.045588 0.046990
0 0.108824 0.606461 0.050000 0.046990
0 0.160294 0.589574 0.041176 0.048458
0 0.352206 0.743759 0.057353 0.060206
0 0.408824 0.726872 0.047059 0.061674
0 0.134559 0.841410 0.045588 0.055800
0 0.220588 0.977239 0.050000 0.045521
0 0.177206 0.982379 0.051471 0.035242
0 0.195588 0.873715 0.044118 0.044053
0 0.225735 0.918502 0.039706 0.045521
0 0.290441 0.858297 0.045588 0.051395
0 0.269853 0.897210 0.042647 0.046990
0 0.298529 0.931718 0.047059 0.051395
0 0.486029 0.930984 0.057353 0.061674
0 0.411029 0.806902 0.057353 0.048458
0 0.531618 0.817181 0.060294 0.060206
0 0.575000 0.677680 0.047059 0.042584
0 0.889706 0.811307 0.052941 0.051395
0 0.798529 0.818649 0.052941 0.051395
0 0.732353 0.890602 0.058824 0.057269
0 0.816176 0.872981 0.047059 0.060206
0 0.845588 0.917768 0.052941 0.049927
0 0.943382 0.766520 0.069118 0.070485
0 0.569118 0.272394 0.070588 0.060206
0 0.753676 0.149780 0.057353 0.052863
0 0.480882 0.140235 0.047059 0.060206
0 0.347059 0.055800 0.052941 0.049927
0 0.284559 0.104258 0.066176 0.058737
0 0.500000 0.494126 0.050000 0.054332
0 0.427941 0.475037 0.058824 0.054332
0 0.413971 0.521292 0.048529 0.058737
0 0.255147 0.565345 0.051471 0.049927
0 0.279412 0.729075 0.050000 0.051395
0 0.234559 0.743025 0.045588 0.041116
0 0.194853 0.745962 0.045588 0.032305
0 0.397059 0.893539 0.050000 0.039648
0 0.553676 0.602790 0.063235 0.057269
0 0.563971 0.109398 0.051471 0.048458
0 0.614706 0.103524 0.044118 0.060206
0 0.560294 0.160793 0.050000 0.051395
0 0.950735 0.383994 0.051471 0.060206
0 0.684559 0.290749 0.060294 0.055800
0 0.966176 0.295154 0.041176 0.052863
0 0.783088 0.231278 0.048529 0.057269
0 0.872059 0.198972 0.044118 0.042584
0 0.747059 0.078561 0.055882 0.054332
0 0.507353 0.050661 0.061765 0.054332
0 0.134559 0.069016 0.039706 0.046990
0 0.172059 0.211454 0.044118 0.041116
0 0.136029 0.234214 0.045588 0.045521
0 0.208088 0.258443 0.051471 0.041116
0 0.116176 0.436123 0.047059 0.046990
0 0.075000 0.447137 0.041176 0.042584
0 0.025735 0.454479 0.042647 0.045521
0 0.350000 0.168869 0.050000 0.049927
0 0.299265 0.174743 0.042647 0.046990
0 0.311029 0.339941 0.048529 0.048458
0 0.107353 0.317915 0.047059 0.048458
0 0.155147 0.307636 0.045588 0.045521
0 0.369118 0.689427 0.050000 0.051395
0 0.398529 0.610132 0.050000 0.057269
0 0.303676 0.685022 0.042647 0.039648
0 0.060294 0.702643 0.050000 0.054332
0 0.080882 0.781938 0.041176 0.042584
0 0.044853 0.751101 0.045588 0.039648
0 0.022794 0.830396 0.042647 0.045521
0 0.121324 0.727606 0.042647 0.051395
0 0.323529 0.589574 0.044118 0.042584
0 0.280882 0.609398 0.052941 0.044053
0 0.621324 0.713656 0.039706 0.058737
0 0.567647 0.719530 0.047059 0.046990
0 0.684559 0.552863 0.042647 0.045521
0 0.629412 0.610866 0.038235 0.044053
0 0.671324 0.603524 0.039706 0.044053
0 0.540441 0.645374 0.045588 0.042584
0 0.743382 0.463289 0.045588 0.042584
0 0.791176 0.502203 0.044118 0.049927
0 0.481618 0.422173 0.048529 0.048458
0 0.539706 0.407489 0.061765 0.051395
0 0.547059 0.359031 0.035294 0.042584
0 0.587500 0.354626 0.045588 0.057269
0 0.850000 0.279736 0.032353 0.039648
0 0.779412 0.338473 0.044118 0.048458
0 0.839706 0.331131 0.050000 0.060206
0 0.554412 0.476505 0.044118 0.048458
0 0.542647 0.535242 0.044118 0.039648
0 0.589706 0.883260 0.055882 0.048458
0 0.665441 0.879589 0.048529 0.058737
0 0.938971 0.861968 0.054412 0.049927
