1 0.175735 0.111765 0.048529 0.047059
1 0.112500 0.035294 0.054412 0.041176
1 0.233088 0.181618 0.048529 0.051471
1 0.297059 0.200735 0.055882 0.057353
1 0.365441 0.233824 0.063235 0.052941
1 0.380882 0.183088 0.050000 0.048529
1 0.341912 0.091912 0.042647 0.039706
1 0.379412 0.111029 0.055882 0.033824
1 0.474265 0.218382 0.054412 0.048529
1 0.497794 0.273529 0.051471 0.047059
1 0.421324 0.348529 0.057353 0.044118
1 0.570588 0.413971 0.050000 0.057353
1 0.577206 0.480882 0.045588 0.050000
1 0.725735 0.361765 0.060294 0.055882
1 0.780147 0.398529 0.060294 0.047059
1 0.823529 0.437500 0.055882 0.066176
1 0.836029 0.376471 0.045588 0.052941
1 0.954412 0.196324 0.055882 0.057353
1 0.903676 0.217647 0.042647 0.050000
1 0.836765 0.321324 0.052941 0.051471
1 0.676471 0.491912 0.052941 0.048529
1 0.844118 0.773529 0.047059 0.052941
1 0.774265 0.710294 0.054412 0.052941
1 0.741176 0.786029 0.052941 0.051471
1 0.383824 0.591912 0.050000 0.054412
1 0.422794 0.643382 0.048529 0.048529
1 0.479412 0.693382 0.067647 0.048529
1 0.491176 0.733088 0.041176 0.042647
1 0.545588 0.708824 0.055882 0.047059
1 0.333824 0.763971 0.064706 0.054412
1 0.420588 0.756618 0.088235 0.063235
1 0.205147 0.686029 0.063235 0.045588
1 0.146324 0.691912 0.066176 0.057353
1 0.125735 0.642647 0.054412 0.041176
1 0.033088 0.496324 0.063235 0.045588
1 0.097794 0.348529 0.048529 0.047059
1 0.202206 0.338235 0.063235 0.050000
1 0.135294 0.311765 0.055882 0.058824
1 0.450735 0.019118 0.057353 0.035294
1 0.495588 0.019118 0.038235 0.035294
1 0.594118 0.020588 0.041176 0.038235
1 0.643382 0.029412 0.051471 0.055882
1 0.689706 0.037500 0.047059 0.054412
1 0.555882 0.118382 0.082353 0.066176
1 0.784559 0.228676 0.054412 0.039706
1 0.827941 0.030147 0.052941 0.048529
1 0.963971 0.902206 0.054412 0.066176
1 0.936029 0.957353 0.066176 0.067647
1 0.470588 0.416912 0.052941 0.051471
1 0.533088 0.316912 0.048529 0.039706
1 0.368382 0.290441 0.072059 0.045588
