0 0.188235 0.196324 0.052941 0.048529
0 0.246324 0.177206 0.045588 0.039706
0 0.252206 0.141912 0.054412 0.048529
0 0.269853 0.091176 0.051471 0.052941
0 0.052941 0.242647 0.052941 0.052941
0 0.111029 0.223529 0.048529 0.044118
0 0.169853 0.338235 0.048529 0.050000
0 0.253676 0.423529 0.045588 0.050000
0 0.271324 0.386765 0.048529 0.050000
0 0.136029 0.516912 0.060294 0.054412
0 0.152206 0.591176 0.057353 0.055882
0 0.275735 0.557353 0.054412 0.052941
0 0.297794 0.511029 0.057353 0.054412
0 0.344118 0.467647 0.055882 0.052941
0 0.391176 0.433824 0.050000 0.050000
0 0.541912 0.471324 0.048529 0.048529
0 0.588971 0.460294 0.048529 0.047059
0 0.539706 0.533088 0.052941 0.054412
0 0.594853 0.526471 0.045588 0.058824
0 0.674265 0.528676 0.051471 0.051471
0 0.931618 0.530882 0.048529 0.055882
0 0.973529 0.490441 0.050000 0.051471
0 0.517647 0.269118 0.041176 0.044118
0 0.322059 0.204412 0.038235 0.041176
0 0.282353 0.216912 0.041176 0.045588
0 0.330147 0.163971 0.042647 0.042647
0 0.496324 0.140441 0.054412 0.051471
0 0.406618 0.181618 0.048529 0.042647
0 0.422059 0.233824 0.035294 0.044118
0 0.455882 0.205147 0.044118 0.048529
0 0.494853 0.186029 0.039706 0.039706
0 0.525735 0.217647 0.039706 0.047059
0 0.480147 0.235294 0.039706 0.038235
0 0.517647 0.337500 0.052941 0.045588
0 0.547794 0.300735 0.045588 0.039706
0 0.577206 0.332353 0.036765 0.038235
0 0.694118 0.319118 0.047059 0.041176
0 0.801471 0.372059 0.047059 0.044118
0 0.831618 0.494853 0.048529 0.054412
0 0.042647 0.539706 0.061765 0.050000
0 0.625000 0.338971 0.041176 0.042647
0 0.565441 0.185294 0.051471 0.055882
0 0.783824 0.048529 0.041176 0.052941
0 0.315441 0.967647 0.060294 0.050000
0 0.916176 0.905882 0.044118 0.055882
0 0.954412 0.858824 0.047059 0.052941
0 0.880882 0.927206 0.052941 0.054412
0 0.878676 0.977941 0.048529 0.044118
0 0.930882 0.979412 0.047059 0.041176
0 0.962500 0.904412 0.054412 0.050000
0 0.631618 0.432353 0.039706 0.038235
0 0.638235 0.470588 0.041176 0.038235
0 0.890441 0.163235 0.045588 0.047059
0 0.342647 0.122794 0.050000 0.042647
0 0.344118 0.077206 0.041176 0.048529
0 0.394118 0.054412 0.041176 0.050000
0 0.431618 0.092647 0.042647 0.041176
0 0.416176 0.139706 0.050000 0.041176
0 0.355147 0.236029 0.039706 0.039706
0 0.386765 0.106618 0.047059 0.048529
0 0.375735 0.158088 0.036765 0.039706
0 0.297794 0.019853 0.054412 0.036765
1 0.894118 0.600000 0.041176 0.064706
1 0.913235 0.655147 0.038235 0.042647
1 0.755147 0.142647 0.039706 0.041176
1 0.545588 0.082353 0.058824 0.032353
1 0.570588 0.126471 0.061765 0.044118
1 0.069853 0.058088 0.063235 0.039706
1 0.117647 0.021324 0.038235 0.039706
