0 0.147794 0.562500 0.042647 0.039706
0 0.155882 0.488971 0.047059 0.051471
0 0.216176 0.452206 0.055882 0.048529
0 0.217647 0.508824 0.052941 0.058824
0 0.102941 0.708088 0.058824 0.057353
0 0.071324 0.658088 0.054412 0.042647
0 0.119118 0.647059 0.050000 0.052941
0 0.156618 0.691176 0.051471 0.055882
0 0.278676 0.665441 0.054412 0.060294
0 0.385294 0.687500 0.061765 0.060294
0 0.441176 0.804412 0.052941 0.050000
0 0.365441 0.888235 0.063235 0.061765
0 0.461029 0.968382 0.063235 0.063235
0 0.347059 0.983088 0.052941 0.033824
0 0.300735 0.619118 0.051471 0.050000
0 0.462500 0.633824 0.042647 0.050000
0 0.113971 0.551471 0.045588 0.044118
0 0.084559 0.521324 0.060294 0.048529
0 0.249265 0.113235 0.054412 0.058824
0 0.767647 0.086765 0.061765 0.050000
0 0.811029 0.143382 0.054412 0.054412
0 0.972059 0.077941 0.055882 0.058824
0 0.897794 0.100735 0.057353 0.048529
0 0.922059 0.066176 0.055882 0.052941
0 0.651471 0.103676 0.052941 0.039706
0 0.595588 0.925000 0.044118 0.047059
0 0.144118 0.163235 0.044118 0.041176
0 0.027206 0.136765 0.042647 0.050000
0 0.067647 0.169118 0.047059 0.041176
0 0.272794 0.528676 0.051471 0.063235
0 0.356618 0.463971 0.051471 0.060294
0 0.433088 0.669118 0.042647 0.050000
0 0.321324 0.078676 0.042647 0.042647
0 0.450735 0.135294 0.042647 0.058824
0 0.833824 0.025000 0.047059 0.047059
0 0.788235 0.020588 0.058824 0.038235
0 0.980147 0.452206 0.039706 0.060294
0 0.454412 0.588971 0.047059 0.045588
0 0.423529 0.540441 0.061765 0.051471
0 0.445588 0.258824 0.050000 0.047059
0 0.108088 0.447059 0.051471 0.050000
0 0.058088 0.425000 0.057353 0.052941
0 0.143382 0.245588 0.054412 0.050000
0 0.256618 0.208088 0.063235 0.051471
0 0.781618 0.450735 0.066176 0.051471
0 0.625000 0.233824 0.050000 0.055882
