0 0.205147 0.077206 0.063235 0.057353
0 0.130882 0.069853 0.052941 0.054412
0 0.084559 0.071324 0.045588 0.045588
0 0.273529 0.114706 0.044118 0.041176
0 0.319853 0.125000 0.048529 0.047059
0 0.361029 0.174265 0.045588 0.039706
0 0.318382 0.169118 0.048529 0.047059
0 0.201471 0.130147 0.047059 0.039706
0 0.258824 0.202941 0.052941 0.047059
0 0.263971 0.148529 0.054412 0.047059
0 0.197059 0.169853 0.052941 0.045588
0 0.037500 0.183088 0.057353 0.048529
0 0.019853 0.238971 0.036765 0.045588
0 0.286765 0.413235 0.061765 0.058824
0 0.130882 0.466176 0.044118 0.047059
0 0.208088 0.519853 0.057353 0.054412
0 0.064706 0.461765 0.047059 0.041176
0 0.072794 0.505147 0.042647 0.042647
0 0.053676 0.672059 0.057353 0.047059
0 0.063235 0.624265 0.052941 0.045588
0 0.248529 0.727206 0.061765 0.066176
0 0.244853 0.691176 0.054412 0.055882
0 0.244853 0.633088 0.045588 0.048529
0 0.338971 0.629412 0.054412 0.047059
0 0.281618 0.608088 0.042647 0.042647
0 0.375000 0.783088 0.058824 0.066176
0 0.434559 0.799265 0.069118 0.066176
0 0.397794 0.851471 0.054412 0.055882
0 0.333088 0.822794 0.057353 0.069118
0 0.230147 0.797794 0.036765 0.042647
0 0.280147 0.805147 0.048529 0.045588
0 0.333824 0.908088 0.050000 0.054412
0 0.520588 0.663971 0.058824 0.063235
0 0.490441 0.587500 0.060294 0.051471
0 0.411765 0.640441 0.058824 0.054412
0 0.385294 0.550735 0.055882 0.051471
0 0.434559 0.488235 0.045588 0.058824
0 0.467647 0.512500 0.044118 0.048529
0 0.592647 0.626471 0.058824 0.050000
0 0.570588 0.577941 0.064706 0.041176
0 0.636029 0.535294 0.051471 0.044118
0 0.592647 0.545588 0.041176 0.041176
0 0.658088 0.572794 0.042647 0.042647
0 0.684559 0.543382 0.051471 0.048529
0 0.583824 0.398529 0.047059 0.044118
0 0.542647 0.419118 0.050000 0.041176
0 0.641912 0.458824 0.051471 0.055882
0 0.668382 0.408824 0.048529 0.052941
0 0.708088 0.463235 0.045588 0.055882
0 0.744118 0.502206 0.041176 0.051471
0 0.781618 0.466176 0.051471 0.052941
0 0.761765 0.422059 0.055882 0.047059
0 0.730882 0.400735 0.041176 0.045588
0 0.705882 0.361765 0.050000 0.044118
0 0.709559 0.309559 0.042647 0.042647
0 0.631618 0.369118 0.057353 0.041176
0 0.674265 0.335294 0.042647 0.044118
0 0.816912 0.294118 0.048529 0.047059
0 0.885294 0.337500 0.055882 0.051471
0 0.927941 0.183088 0.052941 0.057353
0 0.838235 0.164706 0.041176 0.044118
0 0.881618 0.147794 0.036765 0.042647
0 0.810294 0.131618 0.047059 0.045588
0 0.934559 0.221324 0.039706 0.042647
0 0.888971 0.224265 0.039706 0.048529
0 0.673529 0.036029 0.061765 0.063235
0 0.782353 0.046324 0.050000 0.051471
0 0.838235 0.025000 0.044118 0.047059
0 0.948529 0.090441 0.038235 0.060294
0 0.972794 0.047794 0.036765 0.042647
0 0.976471 0.137500 0.038235 0.045588
0 0.461765 0.032353 0.058824 0.055882
1 0.845588 0.397059 0.079412 0.052941
