1 0.087500 0.206618 0.057353 0.051471
1 0.268382 0.156618 0.051471 0.048529
1 0.394853 0.192647 0.045588 0.041176
1 0.288971 0.288971 0.051471 0.039706
1 0.392647 0.325000 0.050000 0.041176
1 0.464706 0.250735 0.038235 0.036765
1 0.513235 0.290441 0.041176 0.036765
1 0.447059 0.395588 0.055882 0.052941
1 0.515441 0.380882 0.075000 0.073529
1 0.516176 0.331618 0.064706 0.042647
1 0.280882 0.482353 0.064706 0.055882
1 0.208088 0.456618 0.069118 0.060294
1 0.087500 0.405147 0.060294 0.045588
1 0.131618 0.451471 0.054412 0.047059
1 0.169853 0.484559 0.039706 0.042647
1 0.180882 0.362500 0.052941 0.042647
1 0.253676 0.624265 0.054412 0.048529
1 0.209559 0.582353 0.051471 0.047059
1 0.208824 0.534559 0.047059 0.042647
1 0.163971 0.543382 0.054412 0.042647
1 0.306618 0.573529 0.051471 0.044118
1 0.419118 0.679412 0.052941 0.038235
1 0.441912 0.708824 0.060294 0.050000
1 0.540441 0.787500 0.063235 0.060294
1 0.592647 0.729412 0.061765 0.050000
1 0.677206 0.617647 0.077941 0.064706
1 0.811029 0.398529 0.072059 0.076471
1 0.483824 0.572794 0.047059 0.045588
1 0.515441 0.608824 0.045588 0.041176
1 0.591176 0.625000 0.064706 0.061765
1 0.607353 0.500000 0.055882 0.052941
1 0.544853 0.519118 0.054412 0.050000
1 0.786029 0.705882 0.089706 0.073529
1 0.656618 0.850000 0.039706 0.038235
1 0.677206 0.813235 0.051471 0.055882
1 0.752941 0.795588 0.050000 0.044118
1 0.699265 0.781618 0.048529 0.048529
1 0.866912 0.850000 0.057353 0.055882
1 0.923529 0.897794 0.061765 0.039706
1 0.945588 0.940441 0.058824 0.039706
1 0.905147 0.966176 0.054412 0.041176
1 0.370588 0.909559 0.044118 0.042647
1 0.297794 0.964706 0.063235 0.044118
1 0.251471 0.931618 0.052941 0.036765
1 0.348529 0.820588 0.038235 0.035294
1 0.373529 0.781618 0.050000 0.051471
1 0.377941 0.690441 0.038235 0.036765
1 0.329412 0.716912 0.058824 0.039706
1 0.300735 0.750735 0.027941 0.030882
1 0.161029 0.825000 0.051471 0.041176
1 0.228676 0.880147 0.042647 0.036765
1 0.202941 0.906618 0.044118 0.039706
1 0.072059 0.955882 0.052941 0.058824
1 0.044118 0.617647 0.067647 0.038235
1 0.021324 0.574265 0.039706 0.048529
1 0.762500 0.149265 0.060294 0.051471
1 0.517647 0.126471 0.064706 0.070588
1 0.587500 0.122794 0.060294 0.039706
1 0.602941 0.176471 0.050000 0.044118
1 0.658824 0.180882 0.050000 0.044118
1 0.605882 0.234559 0.035294 0.042647
1 0.619853 0.057353 0.048529 0.047059
1 0.685294 0.030882 0.067647 0.058824
1 0.842647 0.016912 0.067647 0.030882
1 0.891912 0.027206 0.042647 0.051471
1 0.919118 0.461029 0.047059 0.060294
1 0.240441 0.034559 0.057353 0.048529
1 0.217647 0.118382 0.067647 0.057353
1 0.328676 0.061765 0.060294 0.044118
1 0.758824 0.974265 0.064706 0.051471
1 0.854412 0.985294 0.050000 0.029412
