0 0.035294 0.079412 0.064706 0.058824
0 0.069853 0.043382 0.045588 0.039706
0 0.161029 0.073529 0.057353 0.064706
0 0.210294 0.089706 0.050000 0.055882
0 0.263235 0.103676 0.055882 0.063235
0 0.294118 0.155882 0.044118 0.044118
0 0.302941 0.234559 0.044118 0.048529
0 0.333824 0.286029 0.052941 0.051471
0 0.362500 0.321324 0.042647 0.042647
0 0.349265 0.369118 0.051471 0.055882
0 0.404412 0.294118 0.035294 0.050000
0 0.463235 0.192647 0.061765 0.050000
0 0.458088 0.252206 0.051471 0.051471
0 0.462500 0.297794 0.048529 0.051471
0 0.512500 0.533824 0.054412 0.047059
0 0.550735 0.517647 0.051471 0.055882
0 0.607353 0.534559 0.050000 0.045588
0 0.474265 0.436029 0.042647 0.057353
0 0.525000 0.387500 0.050000 0.042647
0 0.512500 0.430882 0.042647 0.050000
0 0.547059 0.440441 0.047059 0.048529
0 0.593382 0.450735 0.051471 0.048529
0 0.681618 0.502941 0.042647 0.047059
0 0.708088 0.497059 0.030882 0.035294
0 0.700000 0.452206 0.041176 0.045588
0 0.700000 0.402941 0.050000 0.041176
0 0.716912 0.340441 0.039706 0.048529
0 0.761029 0.343382 0.036765 0.039706
0 0.780882 0.374265 0.044118 0.048529
0 0.752206 0.423529 0.039706 0.050000
0 0.793382 0.436029 0.042647 0.045588
0 0.771324 0.513235 0.057353 0.047059
0 0.753676 0.669118 0.042647 0.050000
0 0.836029 0.641912 0.060294 0.054412
0 0.954412 0.472059 0.064706 0.055882
0 0.958088 0.529412 0.051471 0.052941
0 0.895588 0.485294 0.044118 0.050000
0 0.877941 0.583824 0.041176 0.041176
0 0.861029 0.541176 0.042647 0.041176
0 0.844853 0.477206 0.039706 0.042647
0 0.860294 0.436765 0.052941 0.050000
0 0.749265 0.255147 0.066176 0.063235
0 0.811765 0.271324 0.058824 0.063235
0 0.943382 0.313235 0.051471 0.052941
0 0.931618 0.133088 0.072059 0.060294
0 0.954412 0.193382 0.047059 0.057353
0 0.741176 0.177941 0.052941 0.055882
0 0.559559 0.183824 0.066176 0.058824
0 0.499265 0.330882 0.066176 0.052941
0 0.516912 0.134559 0.060294 0.051471
0 0.463235 0.119853 0.044118 0.045588
0 0.488971 0.079412 0.066176 0.050000
0 0.733088 0.101471 0.054412 0.047059
0 0.352941 0.039706 0.067647 0.044118
0 0.327206 0.078676 0.057353 0.054412
0 0.233824 0.366912 0.064706 0.051471
0 0.179412 0.381618 0.047059 0.048529
0 0.226471 0.423529 0.050000 0.041176
0 0.237500 0.477941 0.054412 0.055882
0 0.291912 0.495588 0.054412 0.052941
0 0.323529 0.554412 0.058824 0.052941
0 0.428676 0.555882 0.057353 0.052941
0 0.452941 0.511029 0.047059 0.051471
0 0.359559 0.495588 0.048529 0.050000
0 0.406618 0.486765 0.045588 0.044118
0 0.188971 0.511765 0.054412 0.052941
0 0.183088 0.454412 0.051471 0.055882
0 0.108824 0.088971 0.047059 0.051471
0 0.101471 0.624265 0.055882 0.045588
0 0.250000 0.849265 0.058824 0.048529
0 0.279412 0.888971 0.050000 0.048529
0 0.254412 0.930147 0.050000 0.051471
0 0.357353 0.884559 0.061765 0.048529
0 0.419853 0.852206 0.045588 0.060294
0 0.375000 0.844853 0.047059 0.057353
0 0.518382 0.889706 0.054412 0.055882
0 0.698529 0.873529 0.058824 0.052941
0 0.625735 0.847059 0.051471 0.052941
0 0.583088 0.855147 0.054412 0.054412
0 0.585294 0.924265 0.044118 0.048529
0 0.450735 0.952206 0.045588 0.045588
0 0.372059 0.958824 0.052941 0.052941
0 0.752206 0.977206 0.048529 0.045588
0 0.812500 0.973529 0.054412 0.052941
0 0.636765 0.916912 0.047059 0.039706
0 0.573529 0.967647 0.047059 0.044118
0 0.528676 0.977206 0.048529 0.042647
0 0.897059 0.837500 0.044118 0.057353
0 0.948529 0.736029 0.050000 0.045588
0 0.946324 0.833824 0.045588 0.047059
0 0.900000 0.908824 0.052941 0.050000
0 0.947794 0.912500 0.042647 0.048529
0 0.919853 0.949265 0.045588 0.045588
0 0.979412 0.979412 0.041176 0.041176
0 0.879412 0.952206 0.052941 0.045588
0 0.521324 0.237500 0.054412 0.051471
0 0.294118 0.323529 0.047059 0.052941
0 0.422059 0.391912 0.058824 0.054412
