0 0.451471 0.069853 0.055882 0.054412
0 0.407353 0.072059 0.050000 0.047059
0 0.604412 0.208824 0.050000 0.052941
0 0.519853 0.144853 0.054412 0.048529
0 0.589706 0.127206 0.044118 0.048529
0 0.639706 0.148529 0.044118 0.050000
0 0.685294 0.101471 0.041176 0.061765
0 0.655882 0.262500 0.064706 0.054412
0 0.647794 0.363235 0.057353 0.047059
0 0.632353 0.444118 0.064706 0.055882
0 0.652206 0.501471 0.057353 0.061765
0 0.771324 0.366912 0.063235 0.069118
0 0.775735 0.445588 0.057353 0.055882
0 0.896324 0.225735 0.057353 0.054412
0 0.905882 0.282353 0.058824 0.052941
0 0.857353 0.355882 0.061765 0.047059
0 0.797794 0.250735 0.054412 0.063235
0 0.837500 0.214706 0.054412 0.064706
0 0.858824 0.153676 0.044118 0.063235
0 0.809559 0.134559 0.045588 0.057353
0 0.767647 0.116176 0.044118 0.047059
0 0.692647 0.801471 0.055882 0.058824
0 0.747794 0.713971 0.048529 0.063235
0 0.913235 0.649265 0.044118 0.054412
0 0.916912 0.586765 0.045588 0.047059
0 0.980882 0.587500 0.038235 0.048529
0 0.419118 0.541912 0.052941 0.054412
0 0.563971 0.478676 0.048529 0.051471
0 0.522059 0.431618 0.055882 0.048529
0 0.500000 0.575735 0.058824 0.054412
0 0.555147 0.530882 0.072059 0.064706
0 0.452941 0.428676 0.064706 0.054412
0 0.394118 0.428676 0.050000 0.051471
0 0.376471 0.488235 0.058824 0.058824
0 0.338971 0.407353 0.045588 0.058824
0 0.374265 0.340441 0.060294 0.048529
0 0.314706 0.341912 0.050000 0.042647
0 0.339706 0.251471 0.052941 0.050000
0 0.152941 0.491176 0.052941 0.052941
0 0.285294 0.639706 0.061765 0.067647
0 0.275735 0.708088 0.054412 0.051471
0 0.213235 0.775735 0.052941 0.042647
0 0.088971 0.771324 0.063235 0.057353
0 0.211029 0.894118 0.069118 0.055882
0 0.223529 0.945588 0.052941 0.055882
0 0.374265 0.962500 0.063235 0.057353
0 0.425000 0.920588 0.055882 0.052941
0 0.473529 0.962500 0.041176 0.042647
0 0.527206 0.930147 0.054412 0.054412
0 0.612500 0.927941 0.069118 0.058824
0 0.886765 0.965441 0.064706 0.060294
0 0.262500 0.097059 0.051471 0.055882
0 0.338235 0.121324 0.067647 0.054412
0 0.271324 0.182353 0.057353 0.044118
0 0.197059 0.174265 0.052941 0.051471
0 0.192647 0.273529 0.047059 0.050000
0 0.246324 0.241912 0.045588 0.057353
0 0.249265 0.330882 0.054412 0.055882
0 0.034559 0.767647 0.054412 0.052941
0 0.027206 0.866912 0.051471 0.063235
0 0.383088 0.782353 0.060294 0.064706
0 0.408088 0.722059 0.051471 0.050000
0 0.058824 0.488235 0.052941 0.058824
0 0.682353 0.044853 0.047059 0.048529
0 0.893382 0.027941 0.060294 0.052941
0 0.975000 0.126471 0.044118 0.052941
