0 0.924265 0.079412 0.051471 0.052941
0 0.838235 0.116176 0.064706 0.064706
0 0.923529 0.241912 0.038235 0.045588
0 0.961029 0.265441 0.042647 0.048529
0 0.669853 0.400735 0.069118 0.063235
0 0.705882 0.059559 0.050000 0.045588
0 0.652941 0.082353 0.050000 0.047059
0 0.623529 0.108088 0.047059 0.048529
0 0.569853 0.111029 0.054412 0.045588
0 0.773529 0.174265 0.050000 0.045588
0 0.508824 0.090441 0.050000 0.045588
0 0.261765 0.087500 0.038235 0.045588
0 0.211765 0.091176 0.044118 0.044118
1 0.767647 0.235294 0.070588 0.055882
