0 0.042647 0.147059 0.044118 0.047059
0 0.088235 0.158088 0.035294 0.039706
0 0.061029 0.230147 0.039706 0.063235
0 0.103676 0.238971 0.036765 0.054412
0 0.136029 0.208088 0.039706 0.048529
0 0.161029 0.134559 0.039706 0.042647
0 0.116176 0.283824 0.038235 0.050000
0 0.033088 0.417647 0.048529 0.058824
0 0.043382 0.467647 0.039706 0.044118
0 0.075735 0.427941 0.039706 0.050000
0 0.087500 0.477206 0.045588 0.063235
0 0.152941 0.532353 0.055882 0.050000
0 0.086765 0.523529 0.038235 0.044118
0 0.036765 0.512500 0.041176 0.045588
0 0.022794 0.601471 0.042647 0.055882
0 0.028676 0.738235 0.054412 0.058824
0 0.085294 0.718382 0.050000 0.051471
0 0.086765 0.661765 0.044118 0.055882
0 0.136765 0.641912 0.050000 0.069118
0 0.213971 0.625735 0.039706 0.042647
0 0.270588 0.633088 0.047059 0.057353
0 0.210294 0.685294 0.052941 0.061765
0 0.318382 0.697059 0.051471 0.050000
0 0.326471 0.638235 0.047059 0.058824
0 0.386029 0.661765 0.045588 0.055882
0 0.403676 0.602941 0.045588 0.050000
0 0.344853 0.581618 0.048529 0.054412
0 0.279412 0.565441 0.050000 0.042647
0 0.081618 0.793382 0.042647 0.060294
0 0.126471 0.797794 0.047059 0.051471
0 0.170588 0.811765 0.044118 0.058824
0 0.224265 0.848529 0.051471 0.064706
0 0.275000 0.819118 0.047059 0.055882
0 0.219853 0.890441 0.051471 0.054412
0 0.215441 0.950735 0.048529 0.054412
0 0.624265 0.697794 0.030882 0.033824
0 0.635294 0.735294 0.050000 0.044118
0 0.605882 0.764706 0.035294 0.032353
0 0.577206 0.802941 0.051471 0.050000
0 0.587500 0.847059 0.039706 0.044118
0 0.634559 0.807353 0.048529 0.044118
0 0.634559 0.852206 0.039706 0.042647
0 0.603676 0.891912 0.033824 0.039706
0 0.556618 0.925735 0.045588 0.054412
0 0.626471 0.960294 0.041176 0.044118
0 0.647059 0.899265 0.029412 0.033824
0 0.658824 0.938235 0.035294 0.047059
0 0.670588 0.983824 0.035294 0.032353
0 0.737500 0.972059 0.033824 0.044118
0 0.700000 0.952941 0.029412 0.044118
0 0.687500 0.906618 0.039706 0.042647
0 0.734559 0.922794 0.039706 0.030882
0 0.761765 0.886765 0.041176 0.047059
0 0.769118 0.841176 0.041176 0.038235
0 0.726471 0.875735 0.052941 0.045588
0 0.678676 0.744118 0.036765 0.041176
0 0.725000 0.751471 0.044118 0.044118
0 0.738971 0.797794 0.036765 0.039706
0 0.700000 0.828676 0.050000 0.042647
0 0.777941 0.940441 0.041176 0.045588
0 0.819118 0.976471 0.038235 0.047059
0 0.855882 0.947059 0.041176 0.044118
0 0.809559 0.896324 0.036765 0.042647
0 0.812500 0.850735 0.042647 0.042647
0 0.825735 0.806618 0.051471 0.051471
0 0.780882 0.800000 0.041176 0.044118
0 0.888235 0.770588 0.044118 0.047059
0 0.855147 0.861029 0.039706 0.039706
0 0.896324 0.868382 0.033824 0.039706
0 0.942647 0.872059 0.044118 0.041176
0 0.859559 0.908824 0.042647 0.044118
0 0.901471 0.915441 0.041176 0.042647
0 0.944118 0.919853 0.047059 0.048529
0 0.972059 0.962500 0.038235 0.039706
0 0.930882 0.964706 0.044118 0.041176
0 0.885294 0.983088 0.047059 0.033824
0 0.944118 0.820588 0.047059 0.047059
0 0.888971 0.649265 0.039706 0.045588
0 0.868382 0.692647 0.036765 0.038235
0 0.841176 0.752941 0.041176 0.044118
0 0.918382 0.718382 0.042647 0.054412
0 0.966912 0.750000 0.039706 0.050000
0 0.878676 0.819118 0.048529 0.047059
0 0.803676 0.737500 0.039706 0.039706
1 0.600735 0.113971 0.036765 0.051471
1 0.783088 0.350000 0.048529 0.038235
1 0.733824 0.345588 0.035294 0.041176
1 0.780882 0.155147 0.038235 0.048529
1 0.760294 0.083088 0.038235 0.039706
1 0.787500 0.043382 0.033824 0.033824
1 0.827206 0.055882 0.039706 0.044118
1 0.802941 0.102206 0.032353 0.045588
1 0.919853 0.042647 0.054412 0.047059
1 0.872794 0.078676 0.048529 0.039706
1 0.855147 0.113971 0.042647 0.048529
1 0.892647 0.133824 0.047059 0.044118
1 0.876471 0.180147 0.038235 0.033824
1 0.892647 0.219853 0.035294 0.042647
1 0.974265 0.209559 0.051471 0.054412
1 0.940441 0.254412 0.045588 0.032353
0 0.968382 0.585294 0.042647 0.047059
1 0.455882 0.712500 0.041176 0.042647
1 0.320588 0.753676 0.047059 0.042647
1 0.361029 0.920588 0.039706 0.050000
1 0.407353 0.920588 0.050000 0.035294
1 0.461029 0.924265 0.051471 0.036765
