1 0.366912 0.331618 0.086765 0.072059
1 0.735294 0.549265 0.155882 0.095588
1 0.170588 0.191176 0.052941 0.032353
1 0.171324 0.231618 0.045588 0.027941
1 0.216176 0.319118 0.035294 0.041176
1 0.197059 0.362500 0.050000 0.027941
1 0.247059 0.387500 0.052941 0.042647
1 0.286765 0.364706 0.041176 0.073529
1 0.309559 0.284559 0.045588 0.054412
1 0.030147 0.184559 0.039706 0.042647
1 0.025000 0.341912 0.035294 0.051471
1 0.090441 0.488235 0.048529 0.038235
1 0.121324 0.527941 0.039706 0.029412
1 0.131618 0.611765 0.057353 0.047059
1 0.119853 0.693382 0.048529 0.066176
1 0.172059 0.754412 0.044118 0.050000
1 0.199265 0.822794 0.083824 0.072059
1 0.307353 0.817647 0.052941 0.052941
1 0.353676 0.787500 0.066176 0.080882
1 0.332353 0.711029 0.044118 0.054412
1 0.297794 0.580147 0.045588 0.039706
1 0.283088 0.633088 0.045588 0.057353
1 0.274265 0.500000 0.051471 0.055882
1 0.341912 0.528676 0.045588 0.045588
1 0.385294 0.596324 0.044118 0.051471
1 0.439706 0.657353 0.041176 0.044118
1 0.471324 0.783088 0.054412 0.054412
1 0.517647 0.702941 0.094118 0.088235
1 0.551471 0.034559 0.055882 0.042647
1 0.552206 0.159559 0.039706 0.045588
1 0.597794 0.296324 0.036765 0.048529
1 0.747059 0.247794 0.052941 0.030882
1 0.736765 0.202941 0.044118 0.029412
1 0.853676 0.298529 0.057353 0.032353
1 0.906618 0.338971 0.163235 0.057353
1 0.813235 0.135294 0.044118 0.032353
1 0.862500 0.200735 0.036765 0.051471
1 0.852941 0.133088 0.035294 0.045588
1 0.837500 0.074265 0.036765 0.039706
1 0.909559 0.127206 0.039706 0.051471
1 0.953676 0.144853 0.051471 0.039706
1 0.782353 0.018382 0.061765 0.033824
1 0.643382 0.040441 0.048529 0.048529
1 0.881618 0.484559 0.075000 0.060294
1 0.947794 0.502941 0.042647 0.061765
1 0.983088 0.574265 0.033824 0.063235
1 0.936029 0.715441 0.077941 0.048529
1 0.783824 0.707353 0.064706 0.067647
1 0.926471 0.801471 0.044118 0.055882
1 0.853676 0.907353 0.080882 0.067647
1 0.406618 0.900735 0.107353 0.072059
1 0.594853 0.849265 0.057353 0.048529
1 0.619118 0.901471 0.047059 0.052941
1 0.379412 0.970588 0.088235 0.058824
