1 0.247059 0.272059 0.123529 0.179412
1 0.373529 0.252206 0.073529 0.042647
1 0.386029 0.318382 0.036765 0.054412
1 0.555147 0.259559 0.057353 0.045588
1 0.539706 0.353676 0.032353 0.030882
1 0.512500 0.144118 0.054412 0.061765
1 0.930882 0.151471 0.067647 0.070588
1 0.974265 0.295588 0.051471 0.041176
1 0.953676 0.247794 0.033824 0.042647
1 0.949265 0.530147 0.033824 0.045588
1 0.089706 0.319118 0.055882 0.091176
1 0.411029 0.488235 0.045588 0.035294
1 0.475735 0.513235 0.048529 0.038235
1 0.655147 0.392647 0.048529 0.044118
1 0.708088 0.284559 0.042647 0.030882
1 0.791912 0.323529 0.060294 0.038235
1 0.900000 0.425735 0.044118 0.030882
1 0.882353 0.477941 0.047059 0.044118
1 0.875735 0.630147 0.048529 0.057353
1 0.844118 0.668382 0.041176 0.036765
1 0.719118 0.698529 0.058824 0.044118
1 0.655147 0.563971 0.057353 0.036765
1 0.577206 0.541912 0.066176 0.051471
1 0.627941 0.527941 0.032353 0.035294
1 0.696324 0.542647 0.025000 0.035294
1 0.511029 0.486029 0.025000 0.033824
1 0.553676 0.498529 0.027941 0.035294
1 0.369853 0.577941 0.045588 0.032353
1 0.437500 0.594118 0.039706 0.035294
1 0.392647 0.619118 0.029412 0.035294
1 0.373529 0.652206 0.052941 0.042647
1 0.627941 0.643382 0.058824 0.042647
1 0.862500 0.770588 0.036765 0.050000
1 0.944853 0.723529 0.045588 0.044118
1 0.944853 0.673529 0.054412 0.038235
1 0.252206 0.744118 0.045588 0.052941
1 0.311765 0.786765 0.055882 0.038235
1 0.410294 0.800735 0.067647 0.039706
1 0.571324 0.811029 0.036765 0.051471
1 0.535294 0.955147 0.067647 0.051471
1 0.249265 0.916912 0.051471 0.039706
1 0.294118 0.888235 0.038235 0.035294
1 0.674265 0.938235 0.057353 0.047059
1 0.619853 0.830147 0.042647 0.033824
1 0.708824 0.851471 0.055882 0.041176
1 0.980147 0.911765 0.039706 0.047059
1 0.846324 0.974265 0.039706 0.045588
1 0.796324 0.983088 0.054412 0.033824
1 0.682353 0.052206 0.052941 0.054412
1 0.786765 0.105882 0.076471 0.061765
1 0.500735 0.055882 0.060294 0.035294
1 0.622794 0.038971 0.048529 0.048529
1 0.846324 0.899265 0.042647 0.036765
1 0.020588 0.847059 0.035294 0.067647
