0 0.025735 0.058088 0.048529 0.054412
0 0.134559 0.097794 0.048529 0.039706
0 0.171324 0.136029 0.051471 0.048529
0 0.094118 0.120588 0.047059 0.038235
0 0.076471 0.156618 0.047059 0.045588
0 0.113971 0.193382 0.045588 0.045588
0 0.055147 0.204412 0.048529 0.041176
0 0.220588 0.200735 0.044118 0.048529
0 0.277941 0.197059 0.047059 0.047059
0 0.179412 0.211029 0.052941 0.048529
0 0.155882 0.263235 0.052941 0.047059
0 0.216176 0.262500 0.044118 0.048529
0 0.046324 0.248529 0.048529 0.050000
0 0.034559 0.556618 0.060294 0.054412
0 0.022794 0.610294 0.042647 0.052941
0 0.027941 0.675000 0.052941 0.058824
0 0.096324 0.693382 0.045588 0.045588
0 0.090441 0.645588 0.045588 0.050000
0 0.133824 0.639706 0.052941 0.047059
0 0.184559 0.625735 0.042647 0.048529
0 0.240441 0.621324 0.048529 0.045588
0 0.200000 0.669118 0.041176 0.047059
0 0.271324 0.666176 0.051471 0.047059
0 0.364706 0.640441 0.050000 0.051471
0 0.380882 0.697794 0.052941 0.048529
0 0.416176 0.763971 0.050000 0.051471
0 0.295588 0.752941 0.055882 0.047059
0 0.255147 0.710294 0.057353 0.052941
0 0.164706 0.734559 0.050000 0.048529
0 0.086765 0.861029 0.052941 0.060294
0 0.175000 0.892647 0.055882 0.047059
0 0.159559 0.844853 0.033824 0.051471
0 0.202941 0.805882 0.058824 0.058824
0 0.261765 0.875735 0.041176 0.045588
0 0.311765 0.916912 0.047059 0.054412
0 0.385294 0.866176 0.052941 0.052941
0 0.375735 0.830882 0.039706 0.050000
0 0.363235 0.957353 0.052941 0.050000
0 0.048529 0.947794 0.050000 0.063235
0 0.095588 0.934559 0.041176 0.063235
0 0.531618 0.811029 0.039706 0.051471
0 0.575735 0.842647 0.048529 0.061765
0 0.513235 0.663971 0.050000 0.057353
0 0.658088 0.579412 0.048529 0.052941
0 0.691912 0.623529 0.042647 0.055882
0 0.743382 0.647059 0.057353 0.058824
0 0.662500 0.824265 0.048529 0.057353
0 0.751471 0.817647 0.050000 0.061765
0 0.755882 0.760294 0.041176 0.050000
0 0.665441 0.728676 0.042647 0.048529
0 0.482353 0.905882 0.041176 0.047059
0 0.449265 0.944853 0.036765 0.054412
0 0.422059 0.902941 0.041176 0.050000
0 0.441912 0.810294 0.042647 0.047059
0 0.891912 0.896324 0.054412 0.066176
0 0.963971 0.815441 0.051471 0.051471
0 0.830147 0.588971 0.069118 0.060294
0 0.856618 0.455882 0.042647 0.050000
0 0.768382 0.375735 0.045588 0.054412
0 0.712500 0.377206 0.045588 0.057353
0 0.672059 0.383824 0.041176 0.047059
0 0.579412 0.428676 0.061765 0.060294
0 0.601471 0.474265 0.047059 0.048529
0 0.514706 0.472794 0.044118 0.051471
0 0.561029 0.486029 0.048529 0.051471
0 0.603676 0.316176 0.057353 0.061765
0 0.525735 0.286765 0.051471 0.050000
0 0.816176 0.112500 0.047059 0.057353
0 0.878676 0.101471 0.048529 0.052941
0 0.859559 0.219118 0.051471 0.058824
0 0.902206 0.250735 0.033824 0.057353
0 0.916912 0.309559 0.048529 0.057353
0 0.851471 0.308824 0.050000 0.061765
0 0.971324 0.221324 0.051471 0.054412
0 0.971324 0.276471 0.048529 0.058824
0 0.307353 0.109559 0.044118 0.048529
0 0.427941 0.130147 0.055882 0.048529
0 0.384559 0.138971 0.045588 0.042647
0 0.345588 0.102941 0.044118 0.050000
0 0.413235 0.048529 0.041176 0.041176
0 0.380147 0.021324 0.039706 0.039706
0 0.323529 0.049265 0.035294 0.036765
0 0.291176 0.025000 0.044118 0.047059
0 0.203676 0.057353 0.051471 0.035294
0 0.150000 0.041912 0.044118 0.042647
0 0.226471 0.022059 0.050000 0.041176
0 0.151471 0.461765 0.047059 0.055882
0 0.173529 0.565441 0.050000 0.048529
0 0.799265 0.455147 0.048529 0.054412
0 0.963235 0.350000 0.047059 0.044118
0 0.935294 0.029412 0.058824 0.055882
0 0.865441 0.028676 0.057353 0.054412
1 0.641912 0.078676 0.042647 0.054412
1 0.411029 0.411029 0.039706 0.030882
