1 0.059559 0.060294 0.039706 0.041176
1 0.213235 0.052206 0.047059 0.030882
1 0.125735 0.130882 0.036765 0.029412
1 0.129412 0.177206 0.050000 0.030882
1 0.037500 0.247059 0.045588 0.038235
1 0.355147 0.020588 0.048529 0.038235
1 0.250735 0.021324 0.042647 0.039706
1 0.414706 0.141176 0.047059 0.047059
1 0.560294 0.150000 0.055882 0.035294
1 0.579412 0.215441 0.052941 0.042647
1 0.703676 0.069853 0.057353 0.039706
1 0.735294 0.180882 0.058824 0.052941
1 0.693382 0.189706 0.036765 0.044118
1 0.861765 0.117647 0.061765 0.055882
1 0.805882 0.015441 0.050000 0.027941
1 0.958088 0.037500 0.048529 0.030882
1 0.969853 0.228676 0.048529 0.036765
1 0.777206 0.357353 0.048529 0.029412
1 0.800735 0.456618 0.072059 0.042647
1 0.749265 0.441912 0.042647 0.045588
1 0.635294 0.358088 0.044118 0.048529
1 0.495588 0.488235 0.038235 0.044118
1 0.525735 0.562500 0.060294 0.042647
1 0.666176 0.547794 0.050000 0.039706
1 0.524265 0.693382 0.066176 0.072059
1 0.425735 0.596324 0.048529 0.051471
1 0.369118 0.512500 0.061765 0.039706
1 0.238235 0.487500 0.052941 0.036765
1 0.253676 0.539706 0.066176 0.041176
1 0.251471 0.578676 0.055882 0.033824
1 0.256618 0.730147 0.060294 0.060294
1 0.201471 0.628676 0.047059 0.048529
1 0.144853 0.546324 0.042647 0.051471
1 0.138235 0.611029 0.047059 0.036765
1 0.094853 0.638971 0.036765 0.045588
1 0.168382 0.741912 0.048529 0.051471
1 0.128676 0.784559 0.039706 0.033824
1 0.136765 0.844118 0.058824 0.035294
1 0.197059 0.850735 0.041176 0.030882
1 0.310294 0.833088 0.055882 0.036765
1 0.479412 0.879412 0.058824 0.035294
1 0.351471 0.900000 0.055882 0.029412
1 0.485294 0.977206 0.055882 0.042647
1 0.578676 0.733088 0.060294 0.036765
1 0.684559 0.662500 0.057353 0.039706
1 0.702941 0.696324 0.050000 0.033824
1 0.758088 0.837500 0.051471 0.033824
1 0.767647 0.934559 0.050000 0.030882
1 0.788235 0.971324 0.061765 0.033824
1 0.602206 0.793382 0.042647 0.030882
1 0.638235 0.950735 0.070588 0.036765
1 0.787500 0.534559 0.045588 0.048529
1 0.922794 0.540441 0.051471 0.036765
1 0.980147 0.480882 0.039706 0.035294
1 0.950000 0.397059 0.044118 0.032353
1 0.878676 0.359559 0.051471 0.030882
1 0.416912 0.321324 0.045588 0.033824
1 0.343382 0.333088 0.039706 0.048529
1 0.423529 0.424265 0.044118 0.036765
1 0.393382 0.465441 0.042647 0.039706
1 0.026471 0.383824 0.050000 0.044118
1 0.250000 0.964706 0.041176 0.052941
1 0.294853 0.131618 0.036765 0.036765
1 0.906618 0.966176 0.039706 0.052941
1 0.889706 0.897794 0.050000 0.048529
1 0.887500 0.811765 0.054412 0.032353
1 0.919118 0.852206 0.052941 0.036765
1 0.858088 0.665441 0.057353 0.033824
1 0.449265 0.737500 0.054412 0.033824
