1 0.128676 0.049265 0.036765 0.036765
1 0.175000 0.034559 0.047059 0.030882
1 0.258088 0.034559 0.042647 0.033824
1 0.250735 0.106618 0.048529 0.033824
1 0.143382 0.092647 0.048529 0.029412
1 0.393382 0.136029 0.060294 0.036765
1 0.469118 0.126471 0.044118 0.035294
1 0.488971 0.194853 0.036765 0.045588
1 0.533824 0.153676 0.041176 0.042647
1 0.457353 0.237500 0.064706 0.027941
1 0.208088 0.245588 0.057353 0.044118
1 0.282353 0.232353 0.032353 0.047059
1 0.259559 0.278676 0.039706 0.030882
1 0.346324 0.311765 0.054412 0.035294
1 0.303676 0.328676 0.036765 0.027941
1 0.298529 0.366176 0.038235 0.047059
1 0.161765 0.345588 0.041176 0.050000
1 0.202941 0.337500 0.038235 0.048529
1 0.094853 0.230882 0.039706 0.026471
1 0.025000 0.350000 0.047059 0.094118
1 0.191912 0.497794 0.045588 0.027941
1 0.272794 0.479412 0.098529 0.032353
1 0.283088 0.444853 0.042647 0.042647
1 0.023529 0.616176 0.044118 0.044118
1 0.237500 0.574265 0.092647 0.060294
1 0.365441 0.568382 0.057353 0.042647
1 0.262500 0.620588 0.092647 0.044118
1 0.555147 0.527206 0.045588 0.042647
1 0.567647 0.577206 0.050000 0.048529
1 0.572794 0.682353 0.066176 0.061765
1 0.457353 0.694853 0.067647 0.054412
1 0.358088 0.800735 0.039706 0.048529
1 0.344853 0.744853 0.039706 0.039706
1 0.331618 0.687500 0.042647 0.045588
1 0.279412 0.662500 0.044118 0.033824
1 0.309559 0.814706 0.045588 0.047059
1 0.346324 0.855882 0.054412 0.038235
1 0.391912 0.876471 0.036765 0.029412
1 0.462500 0.842647 0.048529 0.050000
1 0.515441 0.836765 0.042647 0.032353
1 0.486765 0.900000 0.050000 0.041176
1 0.380147 0.944853 0.057353 0.042647
1 0.166176 0.869118 0.073529 0.061765
1 0.247059 0.940441 0.058824 0.051471
1 0.177941 0.920588 0.038235 0.044118
1 0.063235 0.759559 0.055882 0.039706
1 0.041912 0.863971 0.036765 0.039706
1 0.158088 0.773529 0.033824 0.041176
1 0.616912 0.761765 0.039706 0.032353
1 0.664706 0.752206 0.041176 0.045588
1 0.693382 0.810294 0.048529 0.055882
1 0.739706 0.808088 0.041176 0.036765
1 0.720588 0.725735 0.044118 0.042647
1 0.760294 0.691176 0.050000 0.044118
1 0.703676 0.677941 0.048529 0.044118
1 0.682353 0.633824 0.052941 0.044118
1 0.672059 0.584559 0.044118 0.051471
1 0.625000 0.500000 0.055882 0.047059
1 0.675735 0.465441 0.045588 0.033824
1 0.707353 0.525000 0.047059 0.035294
1 0.561029 0.460294 0.042647 0.038235
1 0.875735 0.688971 0.057353 0.042647
1 0.936765 0.632353 0.058824 0.032353
1 0.933824 0.572059 0.073529 0.041176
1 0.852941 0.530882 0.061765 0.026471
1 0.883088 0.567647 0.039706 0.044118
1 0.858824 0.872059 0.047059 0.035294
1 0.865441 0.922059 0.066176 0.055882
1 0.488971 0.953676 0.039706 0.036765
1 0.470588 0.740441 0.044118 0.036765
1 0.367647 0.463235 0.058824 0.041176
1 0.372059 0.510294 0.047059 0.035294
1 0.771324 0.400000 0.072059 0.038235
1 0.845588 0.396324 0.076471 0.036765
1 0.882353 0.174265 0.117647 0.030882
1 0.722059 0.242647 0.047059 0.044118
1 0.710294 0.299265 0.035294 0.027941
1 0.615441 0.269118 0.054412 0.035294
1 0.597794 0.215441 0.063235 0.030882
1 0.572059 0.308824 0.044118 0.032353
1 0.384559 0.627206 0.045588 0.036765
