1 0.247794 0.564706 0.054412 0.044118
1 0.310294 0.559559 0.044118 0.033824
1 0.122059 0.573529 0.047059 0.041176
1 0.474265 0.541176 0.051471 0.038235
1 0.581618 0.525000 0.048529 0.035294
1 0.669118 0.500735 0.058824 0.042647
1 0.752206 0.499265 0.057353 0.045588
1 0.784559 0.428676 0.033824 0.033824
1 0.444118 0.497059 0.038235 0.041176
1 0.665441 0.451471 0.045588 0.029412
1 0.876471 0.498529 0.047059 0.041176
1 0.956618 0.454412 0.060294 0.041176
1 0.883088 0.738971 0.045588 0.033824
1 0.697794 0.715441 0.075000 0.036765
1 0.774265 0.732353 0.054412 0.041176
1 0.708824 0.782353 0.055882 0.038235
1 0.591176 0.736765 0.055882 0.035294
1 0.325000 0.751471 0.082353 0.044118
1 0.420588 0.744853 0.050000 0.036765
1 0.490441 0.745588 0.054412 0.035294
1 0.560294 0.800000 0.052941 0.035294
1 0.340441 0.819853 0.051471 0.036765
1 0.427941 0.825000 0.041176 0.038235
0 0.977206 0.918382 0.045588 0.045588
0 0.961765 0.961029 0.041176 0.048529
0 0.922059 0.959559 0.050000 0.042647
0 0.874265 0.945588 0.042647 0.038235
0 0.802206 0.980882 0.057353 0.038235
0 0.791912 0.924265 0.051471 0.042647
0 0.743382 0.921324 0.048529 0.045588
0 0.753676 0.968382 0.045588 0.042647
0 0.090441 0.902206 0.051471 0.051471
1 0.066912 0.260294 0.051471 0.050000
1 0.108824 0.418382 0.061765 0.042647
1 0.204412 0.388235 0.052941 0.035294
1 0.226471 0.507353 0.047059 0.041176
1 0.031618 0.815441 0.054412 0.039706
1 0.131618 0.786765 0.051471 0.029412
1 0.197059 0.775735 0.050000 0.033824
