0 0.484559 0.283088 0.033824 0.025000
1 0.095588 0.076471 0.041176 0.041176
1 0.063971 0.047059 0.042647 0.032353
1 0.102941 0.017647 0.038235 0.032353
1 0.230882 0.087500 0.044118 0.039706
1 0.135294 0.207353 0.052941 0.038235
1 0.211765 0.225735 0.050000 0.048529
1 0.257353 0.267647 0.050000 0.038235
1 0.049265 0.266176 0.048529 0.044118
1 0.384559 0.288235 0.080882 0.067647
1 0.567647 0.399265 0.058824 0.054412
1 0.652206 0.411765 0.051471 0.044118
1 0.696324 0.460294 0.036765 0.055882
1 0.617647 0.441912 0.026471 0.033824
1 0.519118 0.158088 0.082353 0.119118
1 0.533088 0.047059 0.042647 0.041176
1 0.583824 0.122794 0.035294 0.039706
1 0.781618 0.313235 0.042647 0.032353
1 0.894118 0.447794 0.035294 0.042647
1 0.942647 0.810294 0.058824 0.070588
1 0.674265 0.830882 0.069118 0.058824
1 0.678676 0.791912 0.057353 0.042647
1 0.837500 0.787500 0.051471 0.045588
1 0.532353 0.652206 0.055882 0.066176
1 0.499265 0.726471 0.048529 0.052941
1 0.556618 0.755882 0.033824 0.041176
1 0.569853 0.843382 0.025000 0.033824
1 0.436765 0.645588 0.038235 0.047059
1 0.302941 0.595588 0.050000 0.041176
1 0.216176 0.571324 0.061765 0.048529
1 0.118382 0.544118 0.057353 0.047059
1 0.036029 0.515441 0.051471 0.045588
1 0.027206 0.591912 0.051471 0.048529
1 0.118382 0.792647 0.051471 0.038235
1 0.052941 0.782353 0.050000 0.044118
1 0.219118 0.625735 0.052941 0.027941
1 0.259559 0.763235 0.051471 0.038235
1 0.375735 0.763971 0.042647 0.036765
1 0.441176 0.908824 0.061765 0.041176
1 0.082353 0.941912 0.044118 0.063235
1 0.175735 0.311765 0.048529 0.038235
