0 0.365441 0.470588 0.054412 0.055882
0 0.385294 0.681618 0.041176 0.057353
0 0.644118 0.645588 0.055882 0.052941
0 0.766912 0.661765 0.054412 0.052941
0 0.756618 0.774265 0.042647 0.051471
0 0.917647 0.733824 0.047059 0.047059
0 0.919853 0.580147 0.051471 0.051471
0 0.975000 0.562500 0.050000 0.045588
0 0.890441 0.505147 0.057353 0.051471
0 0.936029 0.419118 0.060294 0.064706
0 0.639706 0.352941 0.047059 0.055882
0 0.649265 0.249265 0.051471 0.042647
0 0.608824 0.227941 0.050000 0.047059
0 0.583088 0.181618 0.057353 0.048529
0 0.877206 0.118382 0.045588 0.042647
0 0.797059 0.137500 0.052941 0.048529
0 0.879412 0.058088 0.061765 0.045588
0 0.620588 0.413971 0.050000 0.045588
0 0.672794 0.403676 0.042647 0.054412
0 0.737500 0.452206 0.045588 0.057353
0 0.729412 0.403676 0.047059 0.045588
0 0.718382 0.361029 0.051471 0.042647
0 0.460294 0.426471 0.044118 0.052941
0 0.508088 0.412500 0.045588 0.051471
0 0.535294 0.472794 0.047059 0.042647
0 0.550000 0.524265 0.050000 0.057353
0 0.496324 0.505147 0.042647 0.057353
0 0.464706 0.517647 0.047059 0.047059
0 0.625000 0.488235 0.044118 0.055882
0 0.452206 0.664706 0.051471 0.050000
0 0.580882 0.894118 0.052941 0.050000
0 0.583824 0.940441 0.052941 0.045588
0 0.606618 0.979412 0.054412 0.041176
0 0.800735 0.976471 0.057353 0.047059
0 0.686029 0.802206 0.036765 0.039706
0 0.639706 0.805882 0.041176 0.038235
0 0.600735 0.356618 0.033824 0.051471
0 0.176471 0.881618 0.050000 0.051471
0 0.163235 0.811029 0.047059 0.045588
0 0.038235 0.785294 0.058824 0.052941
0 0.088235 0.759559 0.050000 0.051471
0 0.114706 0.951471 0.050000 0.047059
0 0.097059 0.894118 0.050000 0.044118
0 0.063971 0.962500 0.045588 0.036765
0 0.022059 0.967647 0.041176 0.041176
1 0.477941 0.760294 0.058824 0.038235
1 0.448529 0.803676 0.035294 0.045588
