0 0.163235 0.188971 0.064706 0.057353
0 0.239706 0.117647 0.055882 0.047059
0 0.288971 0.079412 0.057353 0.050000
0 0.298529 0.188235 0.058824 0.050000
0 0.365441 0.169853 0.051471 0.045588
0 0.420588 0.177206 0.058824 0.045588
0 0.415441 0.224265 0.051471 0.051471
0 0.291912 0.233088 0.057353 0.045588
0 0.340441 0.239706 0.048529 0.047059
0 0.376471 0.258824 0.041176 0.052941
0 0.458088 0.285294 0.051471 0.047059
0 0.476471 0.329412 0.050000 0.047059
0 0.432353 0.364706 0.044118 0.044118
0 0.462500 0.252206 0.054412 0.048529
0 0.486029 0.459559 0.051471 0.051471
0 0.402941 0.433088 0.050000 0.042647
0 0.333088 0.405147 0.060294 0.054412
0 0.294853 0.453676 0.051471 0.045588
0 0.355147 0.486765 0.054412 0.041176
0 0.363971 0.522059 0.057353 0.038235
0 0.346324 0.562500 0.066176 0.060294
0 0.271324 0.558824 0.054412 0.050000
0 0.266912 0.508824 0.045588 0.050000
0 0.243382 0.448529 0.051471 0.047059
0 0.209559 0.471324 0.045588 0.051471
0 0.194853 0.603676 0.063235 0.054412
0 0.132353 0.541912 0.050000 0.057353
0 0.119118 0.494118 0.041176 0.047059
0 0.158088 0.454412 0.045588 0.052941
0 0.196324 0.428676 0.045588 0.039706
0 0.138235 0.335294 0.052941 0.044118
0 0.202941 0.283824 0.050000 0.052941
0 0.260294 0.313235 0.038235 0.047059
0 0.323529 0.294118 0.052941 0.058824
0 0.282353 0.356618 0.052941 0.057353
0 0.162500 0.379412 0.060294 0.041176
0 0.072794 0.361029 0.054412 0.048529
0 0.074265 0.462500 0.045588 0.048529
0 0.041912 0.510294 0.057353 0.055882
0 0.102206 0.416176 0.054412 0.055882
0 0.380147 0.676471 0.069118 0.055882
0 0.313971 0.715441 0.057353 0.057353
0 0.207353 0.705147 0.061765 0.057353
0 0.184559 0.750735 0.063235 0.039706
0 0.169853 0.791912 0.069118 0.054412
0 0.090441 0.709559 0.054412 0.066176
0 0.029412 0.725735 0.050000 0.063235
0 0.263235 0.979412 0.052941 0.041176
0 0.287500 0.945588 0.045588 0.047059
0 0.225735 0.928676 0.048529 0.051471
0 0.186029 0.866912 0.042647 0.051471
0 0.097794 0.913971 0.048529 0.051471
0 0.044118 0.897059 0.047059 0.055882
0 0.549265 0.839706 0.054412 0.050000
0 0.507353 0.879412 0.047059 0.052941
0 0.593382 0.922794 0.051471 0.042647
0 0.466176 0.834559 0.058824 0.054412
0 0.542647 0.652206 0.052941 0.054412
0 0.563971 0.722794 0.054412 0.060294
0 0.625000 0.720588 0.055882 0.050000
0 0.644118 0.642647 0.050000 0.055882
0 0.658824 0.797059 0.055882 0.052941
0 0.592647 0.793382 0.052941 0.057353
0 0.830147 0.752206 0.045588 0.057353
0 0.769118 0.772059 0.052941 0.055882
0 0.894853 0.791912 0.045588 0.051471
0 0.875735 0.738971 0.039706 0.048529
0 0.931618 0.725735 0.039706 0.054412
0 0.827941 0.551471 0.050000 0.061765
0 0.920588 0.508088 0.041176 0.048529
0 0.908824 0.458824 0.041176 0.044118
0 0.896324 0.416912 0.054412 0.045588
0 0.682353 0.484559 0.041176 0.060294
0 0.720588 0.411765 0.055882 0.052941
0 0.729412 0.466912 0.047059 0.051471
0 0.773529 0.454412 0.050000 0.055882
0 0.794118 0.378676 0.047059 0.045588
0 0.753676 0.339706 0.054412 0.055882
0 0.717647 0.377941 0.061765 0.058824
0 0.678676 0.341912 0.048529 0.042647
0 0.623529 0.384559 0.050000 0.045588
0 0.561765 0.340441 0.058824 0.051471
0 0.591176 0.266912 0.064706 0.075000
0 0.738235 0.248529 0.064706 0.058824
0 0.699265 0.287500 0.054412 0.051471
0 0.666912 0.256618 0.051471 0.048529
0 0.628676 0.230882 0.045588 0.050000
0 0.535294 0.163235 0.038235 0.050000
0 0.584559 0.186029 0.051471 0.051471
0 0.629412 0.180882 0.050000 0.047059
0 0.587500 0.136029 0.051471 0.042647
0 0.697059 0.101471 0.055882 0.061765
0 0.736029 0.140441 0.048529 0.048529
0 0.700735 0.162500 0.042647 0.045588
0 0.793382 0.139706 0.048529 0.050000
0 0.851471 0.194853 0.047059 0.036765
0 0.863971 0.239706 0.057353 0.050000
0 0.874265 0.291912 0.054412 0.060294
0 0.796324 0.199265 0.048529 0.063235
0 0.878676 0.138971 0.051471 0.060294
0 0.927941 0.181618 0.044118 0.045588
0 0.920588 0.095588 0.050000 0.055882
0 0.827941 0.072794 0.058824 0.063235
0 0.880147 0.045588 0.054412 0.067647
0 0.933088 0.046324 0.042647 0.066176
0 0.977206 0.082353 0.042647 0.058824
0 0.983824 0.763235 0.032353 0.061765
0 0.794118 0.927941 0.050000 0.044118
0 0.890441 0.970588 0.077941 0.058824
0 0.806618 0.971324 0.051471 0.048529
0 0.711029 0.952941 0.045588 0.047059
0 0.583088 0.497794 0.048529 0.054412
0 0.452206 0.055147 0.054412 0.051471
0 0.347794 0.035294 0.051471 0.041176
0 0.638235 0.059559 0.044118 0.051471
0 0.525000 0.046324 0.050000 0.042647
0 0.535294 0.105882 0.047059 0.038235
0 0.572059 0.092647 0.044118 0.041176
0 0.595588 0.033088 0.050000 0.054412
1 0.714706 0.744853 0.041176 0.042647
