0 0.253676 0.197059 0.066176 0.061765
0 0.207353 0.264706 0.052941 0.041176
0 0.225735 0.313235 0.057353 0.052941
0 0.303676 0.340441 0.060294 0.060294
0 0.352206 0.754412 0.045588 0.050000
0 0.391176 0.680882 0.050000 0.050000
0 0.662500 0.747059 0.057353 0.070588
0 0.574265 0.716176 0.054412 0.052941
0 0.522794 0.764706 0.051471 0.050000
0 0.100000 0.925000 0.070588 0.052941
0 0.155147 0.839706 0.054412 0.055882
0 0.824265 0.150000 0.039706 0.055882
0 0.761029 0.149265 0.045588 0.054412
0 0.948529 0.421324 0.041176 0.045588
0 0.977206 0.477206 0.045588 0.048529
0 0.981618 0.439706 0.036765 0.035294
0 0.186029 0.627941 0.054412 0.050000
0 0.513971 0.933088 0.057353 0.054412
0 0.577941 0.950735 0.061765 0.060294
0 0.266176 0.409559 0.055882 0.054412
