1 0.094853 0.061029 0.054412 0.039706
1 0.184559 0.032353 0.039706 0.032353
1 0.246324 0.045588 0.077941 0.058824
1 0.225000 0.108824 0.061765 0.041176
1 0.253676 0.184559 0.057353 0.042647
1 0.287500 0.260294 0.069118 0.058824
1 0.323529 0.290441 0.064706 0.039706
1 0.327941 0.328676 0.047059 0.030882
1 0.353676 0.376471 0.039706 0.029412
1 0.471324 0.308824 0.048529 0.044118
1 0.460294 0.245588 0.041176 0.061765
1 0.438971 0.163235 0.039706 0.055882
1 0.396324 0.188971 0.045588 0.030882
1 0.410294 0.225735 0.064706 0.039706
1 0.493382 0.058824 0.057353 0.038235
1 0.365441 0.091912 0.048529 0.033824
1 0.540441 0.152941 0.039706 0.038235
1 0.552941 0.203676 0.032353 0.030882
1 0.525735 0.252941 0.045588 0.047059
1 0.611029 0.298529 0.045588 0.047059
1 0.650000 0.374265 0.050000 0.045588
1 0.655147 0.424265 0.045588 0.048529
1 0.606618 0.445588 0.054412 0.041176
1 0.594118 0.405147 0.044118 0.036765
1 0.480882 0.422059 0.055882 0.041176
1 0.495588 0.360294 0.035294 0.029412
1 0.527206 0.425000 0.030882 0.029412
1 0.558088 0.449265 0.039706 0.033824
1 0.520588 0.555882 0.052941 0.055882
1 0.419118 0.600735 0.055882 0.033824
1 0.428676 0.647059 0.048529 0.035294
1 0.453676 0.705147 0.057353 0.033824
1 0.487500 0.751471 0.042647 0.055882
1 0.575000 0.583824 0.058824 0.038235
1 0.566176 0.683824 0.055882 0.041176
1 0.600735 0.655147 0.039706 0.039706
1 0.677206 0.578676 0.033824 0.057353
1 0.720588 0.613235 0.058824 0.029412
1 0.685294 0.519118 0.050000 0.038235
1 0.701471 0.252206 0.047059 0.051471
1 0.647794 0.118382 0.057353 0.048529
1 0.697794 0.145588 0.054412 0.047059
1 0.655882 0.166912 0.044118 0.045588
1 0.777206 0.078676 0.042647 0.039706
1 0.752941 0.238235 0.044118 0.064706
1 0.821324 0.218382 0.063235 0.045588
1 0.904412 0.212500 0.055882 0.042647
1 0.969118 0.194118 0.052941 0.032353
1 0.973529 0.247059 0.041176 0.041176
1 0.938971 0.278676 0.042647 0.030882
1 0.980882 0.344118 0.038235 0.047059
1 0.940441 0.321324 0.042647 0.033824
1 0.897059 0.350000 0.047059 0.035294
1 0.769118 0.300000 0.050000 0.047059
1 0.764706 0.377206 0.038235 0.039706
1 0.919853 0.381618 0.030882 0.027941
1 0.157353 0.192647 0.044118 0.032353
1 0.155882 0.244118 0.050000 0.032353
1 0.175000 0.277941 0.047059 0.032353
1 0.174265 0.368382 0.045588 0.036765
1 0.191912 0.408824 0.051471 0.029412
1 0.229412 0.437500 0.044118 0.033824
1 0.398529 0.438235 0.047059 0.038235
1 0.384559 0.559559 0.042647 0.042647
1 0.033088 0.623529 0.051471 0.061765
1 0.079412 0.621324 0.044118 0.042647
1 0.152206 0.635294 0.048529 0.029412
1 0.289706 0.724265 0.067647 0.057353
1 0.302941 0.774265 0.058824 0.045588
1 0.333824 0.690441 0.035294 0.080882
1 0.058088 0.727941 0.033824 0.058824
1 0.166176 0.757353 0.044118 0.041176
1 0.153676 0.813971 0.042647 0.039706
1 0.049265 0.788235 0.054412 0.035294
1 0.061029 0.878676 0.048529 0.030882
1 0.101471 0.963971 0.055882 0.045588
1 0.068382 0.919118 0.051471 0.026471
1 0.185294 0.906618 0.047059 0.066176
1 0.373529 0.908088 0.067647 0.033824
1 0.381618 0.949265 0.063235 0.033824
1 0.335294 0.857353 0.047059 0.032353
1 0.330147 0.825000 0.045588 0.026471
1 0.376471 0.861029 0.035294 0.045588
1 0.483824 0.860294 0.047059 0.044118
1 0.533088 0.866176 0.051471 0.050000
1 0.547794 0.925735 0.051471 0.063235
1 0.500735 0.937500 0.048529 0.033824
1 0.752941 0.687500 0.064706 0.045588
1 0.711765 0.719118 0.038235 0.050000
1 0.632353 0.742647 0.047059 0.052941
1 0.651471 0.807353 0.032353 0.052941
1 0.780147 0.810294 0.060294 0.044118
1 0.778676 0.855147 0.054412 0.033824
1 0.825000 0.885294 0.047059 0.035294
1 0.686029 0.900735 0.051471 0.036765
1 0.937500 0.873529 0.051471 0.058824
1 0.933088 0.805882 0.036765 0.044118
1 0.914706 0.750735 0.035294 0.051471
1 0.872794 0.691912 0.086765 0.066176
1 0.953676 0.655882 0.051471 0.035294
1 0.847059 0.619853 0.050000 0.042647
1 0.914706 0.484559 0.052941 0.033824
1 0.833824 0.481618 0.035294 0.048529
1 0.801471 0.542647 0.061765 0.041176
1 0.846324 0.574265 0.036765 0.045588
1 0.103676 0.461765 0.042647 0.032353
1 0.113235 0.515441 0.052941 0.033824
