0 0.107353 0.165932 0.047059 0.049927
0 0.204412 0.201909 0.058824 0.057269
0 0.259559 0.303965 0.051471 0.061674
0 0.291912 0.336270 0.033824 0.049927
0 0.342647 0.197504 0.058824 0.054332
0 0.329412 0.249633 0.052941 0.058737
0 0.317647 0.289280 0.047059 0.044053
0 0.344853 0.331131 0.054412 0.057269
0 0.456618 0.267254 0.042647 0.061674
0 0.414706 0.281204 0.055882 0.057269
0 0.436029 0.184288 0.048529 0.057269
0 0.483088 0.176946 0.048529 0.066079
0 0.308088 0.077093 0.054412 0.054332
0 0.433824 0.098385 0.050000 0.064611
0 0.480882 0.088106 0.050000 0.064611
0 0.482353 0.037445 0.067647 0.057269
0 0.369853 0.030837 0.054412 0.055800
0 0.417647 0.022026 0.052941 0.041116
0 0.262500 0.020558 0.054412 0.038179
0 0.525735 0.157856 0.039706 0.063142
0 0.498529 0.246696 0.047059 0.055800
0 0.537500 0.246696 0.048529 0.046990
0 0.554412 0.198972 0.050000 0.054332
0 0.605147 0.182085 0.048529 0.052863
0 0.400735 0.512482 0.057353 0.049927
0 0.376471 0.471366 0.061765 0.052863
0 0.510294 0.390602 0.050000 0.044053
0 0.505882 0.433921 0.047059 0.054332
0 0.464706 0.407489 0.044118 0.054332
0 0.422059 0.424376 0.044118 0.049927
0 0.475735 0.349486 0.051471 0.044053
0 0.753676 0.417768 0.051471 0.051395
0 0.855882 0.482379 0.058824 0.063142
0 0.903676 0.616006 0.057353 0.063142
0 0.694853 0.627753 0.045588 0.054332
0 0.847059 0.676211 0.047059 0.054332
0 0.827941 0.766520 0.047059 0.058737
0 0.720588 0.712188 0.050000 0.046990
0 0.963235 0.726872 0.041176 0.055800
0 0.873529 0.752570 0.047059 0.054332
0 0.933824 0.503671 0.047059 0.064611
0 0.970588 0.314978 0.044118 0.063142
0 0.965441 0.410426 0.048529 0.054332
0 0.916176 0.419236 0.052941 0.063142
0 0.812500 0.345081 0.060294 0.055800
0 0.928676 0.290015 0.051471 0.060206
0 0.768382 0.195301 0.054412 0.073421
0 0.727206 0.207048 0.051471 0.058737
0 0.844853 0.215125 0.060294 0.051395
0 0.892647 0.096916 0.052941 0.058737
0 0.969853 0.120411 0.048529 0.061674
0 0.905882 0.049192 0.052941 0.060206
0 0.800000 0.109398 0.050000 0.051395
0 0.750735 0.116740 0.042647 0.057269
0 0.705882 0.124082 0.038235 0.045521
0 0.656618 0.131424 0.051471 0.039648
0 0.790441 0.267988 0.051471 0.054332
0 0.741912 0.275330 0.054412 0.054332
0 0.665441 0.303965 0.048529 0.049927
0 0.682353 0.383260 0.044118 0.058737
0 0.631618 0.392805 0.048529 0.051395
0 0.688971 0.481645 0.039706 0.049927
0 0.619118 0.455947 0.052941 0.069016
0 0.113235 0.861233 0.064706 0.066079
0 0.187500 0.944934 0.060294 0.063142
0 0.055882 0.928047 0.050000 0.055800
0 0.111765 0.937592 0.038235 0.048458
0 0.041912 0.856828 0.054412 0.063142
0 0.104412 0.466226 0.047059 0.051395
0 0.650735 0.069016 0.042647 0.049927
0 0.688235 0.057269 0.047059 0.052863
0 0.726471 0.039648 0.041176 0.055800
0 0.759559 0.065345 0.033824 0.036711
0 0.815441 0.064611 0.051471 0.046990
0 0.784559 0.024963 0.054412 0.046990
0 0.859559 0.022026 0.045588 0.041116
0 0.622794 0.033774 0.042647 0.032305
0 0.388971 0.372981 0.039706 0.044053
0 0.434559 0.367107 0.042647 0.046990
0 0.396324 0.330396 0.051471 0.049927
0 0.368382 0.284141 0.036765 0.042584
0 0.491176 0.306167 0.044118 0.036711
0 0.527206 0.344347 0.042647 0.042584
0 0.533088 0.297357 0.048529 0.045521
0 0.587500 0.234949 0.033824 0.038179
0 0.630147 0.227606 0.042647 0.044053
0 0.676471 0.212188 0.041176 0.051395
0 0.609559 0.312775 0.042647 0.038179
0 0.598529 0.354626 0.047059 0.042584
0 0.554412 0.384728 0.038235 0.044053
0 0.591176 0.397210 0.041176 0.042584
0 0.906618 0.345081 0.054412 0.055800
0 0.844118 0.403818 0.041176 0.052863
0 0.786029 0.456681 0.042647 0.044053
0 0.858824 0.293686 0.055882 0.052863
0 0.813235 0.176946 0.035294 0.054332
0 0.861029 0.172540 0.042647 0.042584
0 0.175735 0.582966 0.045588 0.058737
0 0.252206 0.554332 0.039706 0.057269
0 0.286029 0.511747 0.048529 0.045521
0 0.603676 0.855360 0.039706 0.051395
0 0.705147 0.799559 0.042647 0.042584
0 0.750000 0.776799 0.044118 0.046990
0 0.705882 0.756975 0.044118 0.051395
0 0.677941 0.718062 0.038235 0.041116
0 0.736029 0.668135 0.045588 0.044053
0 0.380147 0.932452 0.045588 0.044053
0 0.394118 0.976505 0.044118 0.046990
0 0.882353 0.530837 0.050000 0.057269
0 0.549265 0.469897 0.042647 0.038179
0 0.371324 0.142438 0.045588 0.038179
0 0.767647 0.359765 0.041176 0.044053
0 0.722059 0.371512 0.038235 0.035242
0 0.732353 0.328928 0.050000 0.049927
0 0.780147 0.317181 0.042647 0.041116
0 0.740441 0.620411 0.045588 0.045521
0 0.977206 0.638767 0.045588 0.055800
0 0.982353 0.497797 0.035294 0.052863
0 0.705882 0.245962 0.041176 0.039648
0 0.921324 0.136564 0.042647 0.041116
