0 0.267647 0.061029 0.047059 0.054412
0 0.352206 0.101471 0.048529 0.047059
0 0.421324 0.079412 0.048529 0.044118
0 0.189706 0.030882 0.047059 0.044118
0 0.230147 0.025735 0.045588 0.039706
0 0.276471 0.022794 0.050000 0.042647
0 0.615441 0.270588 0.066176 0.055882
0 0.686765 0.078676 0.052941 0.051471
0 0.742647 0.069118 0.041176 0.041176
0 0.797059 0.061765 0.050000 0.044118
0 0.811029 0.022059 0.051471 0.041176
0 0.876471 0.014706 0.052941 0.026471
0 0.869118 0.061029 0.064706 0.060294
0 0.922059 0.055147 0.050000 0.054412
0 0.856618 0.522059 0.051471 0.055882
0 0.808088 0.519118 0.051471 0.073529
0 0.875735 0.615441 0.054412 0.045588
0 0.564706 0.661765 0.052941 0.047059
0 0.353676 0.038235 0.045588 0.044118
0 0.238971 0.881618 0.048529 0.051471
1 0.368382 0.395588 0.036765 0.035294
1 0.349265 0.472059 0.039706 0.035294
1 0.434559 0.574265 0.030882 0.030882
1 0.372794 0.575735 0.039706 0.036765
1 0.150000 0.768382 0.044118 0.036765
1 0.314706 0.624265 0.047059 0.036765
1 0.333824 0.586029 0.026471 0.027941
1 0.240441 0.496324 0.033824 0.033824
1 0.047794 0.431618 0.048529 0.045588
1 0.171324 0.508824 0.030882 0.041176
1 0.722059 0.948529 0.035294 0.026471
