0 0.114706 0.543319 0.044118 0.038179
0 0.147794 0.637298 0.048529 0.041116
0 0.022794 0.370044 0.042647 0.049927
0 0.043382 0.850954 0.063235 0.051395
0 0.027206 0.719530 0.039706 0.046990
0 0.072794 0.783407 0.051471 0.051395
0 0.883088 0.322320 0.057353 0.054332
0 0.924265 0.397944 0.054412 0.061674
0 0.979412 0.247430 0.038235 0.051395
0 0.830147 0.238620 0.048529 0.039648
0 0.606618 0.403084 0.057353 0.051395
0 0.880882 0.102790 0.055882 0.055800
0 0.980147 0.170338 0.039706 0.055800
0 0.800735 0.693833 0.066176 0.048458
0 0.968382 0.764317 0.057353 0.048458
0 0.947794 0.538913 0.033824 0.046990
0 0.875735 0.457416 0.039706 0.045521
0 0.947059 0.478708 0.041176 0.044053
0 0.983088 0.640969 0.033824 0.045521
0 0.058088 0.538179 0.045588 0.045521
0 0.067647 0.939060 0.052941 0.045521
0 0.112500 0.859765 0.039706 0.039648
0 0.173529 0.839941 0.047059 0.046990
0 0.143382 0.582966 0.039706 0.035242
0 0.833824 0.473568 0.038235 0.039648
0 0.824265 0.551395 0.039706 0.045521
0 0.898529 0.530103 0.035294 0.041116
0 0.829412 0.744493 0.047059 0.038179
0 0.777941 0.751101 0.047059 0.045521
0 0.741912 0.653451 0.045588 0.044053
0 0.876471 0.580764 0.044118 0.039648
0 0.843382 0.359031 0.048529 0.048458
0 0.913971 0.265051 0.048529 0.039648
0 0.966912 0.328194 0.042647 0.048458
0 0.794853 0.060206 0.054412 0.041116
0 0.653676 0.064611 0.048529 0.049927
0 0.722794 0.157122 0.039706 0.041116
0 0.725735 0.567548 0.048529 0.051395
0 0.983088 0.082966 0.033824 0.048458
0 0.952941 0.136564 0.041176 0.041116
