0 0.351471 0.052206 0.047059 0.063235
0 0.431618 0.067647 0.048529 0.055882
0 0.501471 0.069118 0.050000 0.061765
0 0.268382 0.109559 0.057353 0.054412
0 0.600000 0.025000 0.050000 0.047059
0 0.683088 0.034559 0.051471 0.066176
0 0.795588 0.063971 0.050000 0.063235
0 0.744853 0.064706 0.045588 0.055882
0 0.604412 0.104412 0.038235 0.052941
0 0.748529 0.441912 0.067647 0.060294
0 0.660294 0.425735 0.055882 0.060294
0 0.557353 0.494853 0.067647 0.051471
0 0.205882 0.229412 0.032353 0.041176
0 0.235294 0.255882 0.032353 0.047059
0 0.659559 0.766912 0.060294 0.060294
0 0.565441 0.746324 0.054412 0.066176
0 0.553676 0.887500 0.060294 0.066176
0 0.513235 0.915441 0.058824 0.063235
0 0.616912 0.936029 0.054412 0.057353
0 0.792647 0.888235 0.047059 0.058824
0 0.679412 0.961765 0.052941 0.050000
0 0.855147 0.952941 0.051471 0.052941
0 0.550000 0.972794 0.058824 0.054412
0 0.641912 0.822059 0.051471 0.064706
0 0.615441 0.872794 0.048529 0.054412
0 0.934559 0.138235 0.051471 0.070588
0 0.916176 0.198529 0.047059 0.064706
0 0.961765 0.270588 0.052941 0.058824
0 0.188235 0.961765 0.052941 0.058824
0 0.032353 0.911765 0.055882 0.061765
0 0.106618 0.976471 0.051471 0.047059
0 0.094853 0.741176 0.057353 0.052941
0 0.084559 0.693382 0.060294 0.057353
0 0.094853 0.647794 0.051471 0.042647
0 0.070588 0.600735 0.055882 0.045588
0 0.088971 0.553676 0.054412 0.045588
0 0.055147 0.480147 0.057353 0.054412
0 0.046324 0.521324 0.054412 0.048529
0 0.445588 0.607353 0.052941 0.052941
0 0.474265 0.655882 0.048529 0.055882
0 0.436765 0.498529 0.052941 0.052941
0 0.602206 0.398529 0.039706 0.052941
0 0.564706 0.401471 0.044118 0.055882
0 0.733088 0.313971 0.063235 0.063235
0 0.466912 0.430147 0.054412 0.054412
0 0.919118 0.931618 0.055882 0.060294
0 0.771324 0.950000 0.048529 0.055882
0 0.883088 0.826471 0.057353 0.064706
0 0.778676 0.822794 0.063235 0.048529
0 0.641912 0.481618 0.054412 0.054412
0 0.573529 0.539706 0.061765 0.052941
0 0.640441 0.089706 0.045588 0.058824
0 0.234559 0.026471 0.051471 0.047059
0 0.295588 0.022794 0.052941 0.042647
0 0.646324 0.283824 0.039706 0.041176
0 0.675000 0.899265 0.055882 0.051471
0 0.980147 0.341176 0.039706 0.052941
