0 0.031618 0.047794 0.045588 0.045588
0 0.076471 0.019853 0.044118 0.036765
0 0.037500 0.130147 0.045588 0.045588
0 0.072059 0.104412 0.035294 0.044118
0 0.105147 0.086765 0.042647 0.038235
0 0.113971 0.038971 0.039706 0.036765
0 0.153676 0.069118 0.045588 0.038235
0 0.152941 0.024265 0.038235 0.036765
0 0.194118 0.016176 0.044118 0.029412
0 0.196324 0.055147 0.039706 0.042647
0 0.232353 0.042647 0.038235 0.044118
0 0.264706 0.022794 0.038235 0.042647
0 0.030147 0.179412 0.048529 0.035294
0 0.102206 0.135294 0.036765 0.055882
0 0.304412 0.180147 0.064706 0.054412
0 0.497059 0.216912 0.047059 0.057353
0 0.150000 0.111029 0.047059 0.036765
0 0.230147 0.149265 0.045588 0.045588
0 0.235294 0.210294 0.047059 0.041176
0 0.165441 0.216176 0.054412 0.047059
0 0.109559 0.238235 0.048529 0.041176
0 0.025000 0.242647 0.047059 0.044118
0 0.063971 0.265441 0.045588 0.042647
0 0.020588 0.296324 0.038235 0.057353
0 0.230147 0.414706 0.051471 0.050000
0 0.290441 0.438235 0.036765 0.052941
0 0.324265 0.467647 0.045588 0.061765
0 0.072059 0.398529 0.041176 0.044118
0 0.192647 0.291912 0.044118 0.054412
0 0.401471 0.213235 0.050000 0.052941
0 0.604412 0.235294 0.047059 0.055882
0 0.673529 0.196324 0.044118 0.054412
0 0.616176 0.344118 0.052941 0.061765
0 0.265441 0.307353 0.048529 0.047059
0 0.358824 0.258088 0.041176 0.042647
0 0.097794 0.507353 0.054412 0.038235
0 0.100000 0.460294 0.047059 0.050000
0 0.171324 0.389706 0.042647 0.047059
0 0.144118 0.354412 0.041176 0.038235
0 0.110294 0.379412 0.047059 0.044118
0 0.162500 0.449265 0.045588 0.045588
0 0.330147 0.383088 0.054412 0.051471
0 0.041912 0.819118 0.075000 0.067647
0 0.297059 0.654412 0.076471 0.073529
0 0.025000 0.412500 0.047059 0.060294
0 0.459559 0.266912 0.048529 0.051471
0 0.388235 0.286765 0.050000 0.058824
0 0.401471 0.371324 0.044118 0.054412
0 0.553676 0.427941 0.042647 0.050000
0 0.516176 0.375735 0.044118 0.051471
0 0.066912 0.352941 0.045588 0.041176
0 0.086765 0.298529 0.047059 0.041176
0 0.232353 0.260294 0.058824 0.050000
0 0.430147 0.019118 0.060294 0.035294
0 0.175000 0.133824 0.041176 0.035294
0 0.141912 0.169853 0.051471 0.042647
0 0.092647 0.191912 0.061765 0.048529
0 0.155882 0.303676 0.052941 0.042647
0 0.187500 0.342647 0.048529 0.044118
0 0.230882 0.322059 0.050000 0.047059
0 0.315441 0.267647 0.048529 0.047059
0 0.403676 0.166176 0.045588 0.041176
0 0.568382 0.286029 0.039706 0.051471
0 0.607353 0.445588 0.044118 0.044118
1 0.607353 0.580882 0.055882 0.044118
1 0.531618 0.815441 0.039706 0.045588
1 0.485294 0.875735 0.050000 0.039706
1 0.800000 0.741176 0.061765 0.050000
1 0.896324 0.545588 0.086765 0.067647
1 0.958824 0.483824 0.082353 0.055882
1 0.972059 0.413971 0.055882 0.060294
0 0.263971 0.076471 0.039706 0.032353
0 0.255147 0.099265 0.048529 0.030882
0 0.212500 0.108088 0.039706 0.025000
0 0.299265 0.055147 0.042647 0.048529
0 0.708824 0.403676 0.055882 0.051471
0 0.129412 0.652941 0.064706 0.047059
1 0.058824 0.970588 0.082353 0.058824
