1 0.018382 0.036029 0.033824 0.057353
1 0.058824 0.025000 0.041176 0.035294
1 0.188971 0.107353 0.048529 0.035294
1 0.160294 0.162500 0.050000 0.036765
1 0.306618 0.163971 0.042647 0.042647
1 0.372794 0.083824 0.054412 0.038235
1 0.361765 0.033824 0.035294 0.047059
1 0.528676 0.058088 0.042647 0.057353
1 0.481618 0.089706 0.030882 0.032353
1 0.458824 0.150735 0.061765 0.048529
1 0.613235 0.277941 0.052941 0.044118
1 0.456618 0.275735 0.036765 0.042647
1 0.474265 0.316176 0.036765 0.041176
1 0.405147 0.352941 0.039706 0.041176
1 0.411765 0.418382 0.058824 0.063235
1 0.513971 0.416176 0.045588 0.041176
1 0.472059 0.441912 0.032353 0.036765
1 0.606618 0.472059 0.066176 0.061765
1 0.613971 0.402941 0.048529 0.038235
1 0.594118 0.353676 0.047059 0.036765
1 0.573529 0.419853 0.035294 0.045588
1 0.544853 0.506618 0.039706 0.048529
1 0.383824 0.472794 0.055882 0.057353
1 0.287500 0.395588 0.054412 0.041176
1 0.283088 0.343382 0.054412 0.036765
1 0.297794 0.288235 0.048529 0.044118
1 0.228676 0.375735 0.045588 0.036765
1 0.182353 0.311029 0.038235 0.039706
1 0.148529 0.400000 0.041176 0.047059
1 0.098529 0.613235 0.038235 0.050000
1 0.098529 0.665441 0.055882 0.060294
1 0.058088 0.619853 0.033824 0.054412
1 0.034559 0.683824 0.033824 0.055882
1 0.216912 0.585294 0.048529 0.035294
1 0.294853 0.675000 0.036765 0.050000
1 0.141912 0.552206 0.063235 0.042647
1 0.494118 0.657353 0.044118 0.044118
1 0.454412 0.747059 0.041176 0.050000
1 0.653676 0.681618 0.030882 0.048529
1 0.543382 0.750735 0.048529 0.036765
1 0.527941 0.857353 0.047059 0.041176
1 0.719118 0.559559 0.032353 0.051471
1 0.747794 0.417647 0.057353 0.038235
1 0.786029 0.344853 0.048529 0.057353
1 0.808088 0.263971 0.039706 0.051471
1 0.751471 0.128676 0.038235 0.045588
1 0.788235 0.085294 0.061765 0.041176
1 0.829412 0.136029 0.041176 0.054412
1 0.889706 0.119118 0.035294 0.052941
1 0.908088 0.263235 0.048529 0.038235
1 0.858824 0.268382 0.038235 0.036765
1 0.597059 0.076471 0.035294 0.050000
1 0.614706 0.681618 0.035294 0.039706
1 0.969853 0.761765 0.054412 0.029412
1 0.900000 0.789706 0.041176 0.041176
1 0.987500 0.658088 0.025000 0.048529
1 0.980882 0.803676 0.038235 0.045588
1 0.926471 0.900000 0.058824 0.038235
1 0.936765 0.977941 0.038235 0.044118
1 0.371324 0.952941 0.042647 0.052941
1 0.242647 0.873529 0.047059 0.029412
0 0.191176 0.887500 0.032353 0.042647
1 0.094118 0.726471 0.038235 0.035294
