0 0.801471 0.022794 0.055882 0.042647
0 0.347794 0.912500 0.042647 0.051471
0 0.443382 0.867647 0.057353 0.052941
0 0.416912 0.901471 0.048529 0.044118
1 0.154412 0.034559 0.058824 0.036765
1 0.352941 0.091912 0.052941 0.036765
1 0.446324 0.112500 0.051471 0.033824
1 0.525735 0.144118 0.051471 0.038235
1 0.475735 0.066912 0.060294 0.033824
1 0.549265 0.075000 0.057353 0.038235
1 0.506618 0.036029 0.036765 0.039706
1 0.543382 0.033824 0.033824 0.035294
1 0.087500 0.165441 0.036765 0.036765
1 0.162500 0.185294 0.036765 0.041176
1 0.275000 0.277941 0.064706 0.047059
1 0.273529 0.227206 0.044118 0.036765
1 0.163235 0.288971 0.052941 0.042647
1 0.240441 0.319853 0.057353 0.039706
1 0.211765 0.367647 0.061765 0.041176
1 0.308824 0.408824 0.073529 0.067647
1 0.372794 0.385294 0.051471 0.041176
1 0.407353 0.324265 0.050000 0.042647
1 0.358088 0.286029 0.045588 0.039706
1 0.435294 0.280147 0.032353 0.039706
1 0.468382 0.301471 0.033824 0.050000
1 0.447059 0.441912 0.050000 0.039706
1 0.516912 0.456618 0.057353 0.045588
1 0.519118 0.319853 0.029412 0.045588
1 0.584559 0.391912 0.051471 0.036765
1 0.644853 0.370588 0.039706 0.052941
1 0.731618 0.215441 0.063235 0.054412
1 0.706618 0.261029 0.042647 0.042647
1 0.850000 0.255882 0.041176 0.035294
1 0.850000 0.315441 0.052941 0.036765
1 0.927206 0.155147 0.033824 0.054412
1 0.880147 0.170588 0.039706 0.032353
1 0.766176 0.160294 0.055882 0.047059
1 0.722794 0.108824 0.036765 0.038235
1 0.860294 0.511029 0.047059 0.030882
1 0.859559 0.581618 0.051471 0.042647
1 0.977206 0.570588 0.045588 0.035294
1 0.841176 0.638235 0.050000 0.041176
1 0.439706 0.663235 0.064706 0.047059
1 0.569853 0.700735 0.051471 0.042647
1 0.718382 0.755147 0.039706 0.042647
1 0.770588 0.759559 0.035294 0.051471
1 0.814706 0.779412 0.032353 0.044118
1 0.750000 0.681618 0.035294 0.045588
1 0.839706 0.726471 0.026471 0.044118
1 0.908088 0.739706 0.054412 0.073529
1 0.894853 0.830147 0.051471 0.030882
1 0.849265 0.833824 0.039706 0.032353
1 0.687500 0.869118 0.042647 0.058824
1 0.767647 0.876471 0.041176 0.041176
1 0.787500 0.839706 0.048529 0.035294
1 0.684559 0.815441 0.045588 0.039706
1 0.673529 0.979412 0.058824 0.041176
1 0.625000 0.941176 0.041176 0.047059
1 0.664706 0.940441 0.038235 0.033824
1 0.828676 0.902206 0.036765 0.042647
1 0.864706 0.908824 0.038235 0.050000
1 0.641176 0.892647 0.044118 0.023529
1 0.529412 0.722794 0.026471 0.039706
1 0.812500 0.478676 0.030882 0.051471
1 0.772059 0.490441 0.047059 0.025000
1 0.097059 0.216912 0.055882 0.039706
1 0.061765 0.261029 0.058824 0.051471
1 0.027941 0.184559 0.047059 0.033824
1 0.086029 0.424265 0.039706 0.054412
1 0.289706 0.522794 0.061765 0.048529
1 0.207353 0.550000 0.058824 0.047059
1 0.214706 0.605147 0.035294 0.045588
1 0.266176 0.779412 0.050000 0.044118
1 0.219118 0.743382 0.052941 0.045588
1 0.187500 0.809559 0.060294 0.048529
1 0.125735 0.795588 0.036765 0.050000
1 0.146324 0.725735 0.051471 0.045588
1 0.180147 0.688971 0.036765 0.045588
1 0.052941 0.525000 0.041176 0.038235
1 0.023529 0.428676 0.044118 0.045588
1 0.013971 0.277941 0.025000 0.041176
