0 0.127206 0.050735 0.042647 0.045588
0 0.062500 0.115441 0.042647 0.039706
0 0.072794 0.154412 0.042647 0.035294
0 0.020588 0.230882 0.038235 0.058824
0 0.095588 0.202206 0.041176 0.039706
0 0.062500 0.244853 0.039706 0.042647
0 0.111029 0.249265 0.051471 0.045588
0 0.183824 0.217647 0.041176 0.044118
0 0.230147 0.218382 0.042647 0.039706
0 0.238971 0.265441 0.045588 0.045588
0 0.192647 0.257353 0.041176 0.044118
0 0.124265 0.286765 0.045588 0.041176
0 0.172059 0.293382 0.044118 0.045588
0 0.101471 0.324265 0.041176 0.045588
0 0.145588 0.327206 0.032353 0.048529
0 0.186029 0.338971 0.042647 0.048529
0 0.231618 0.347794 0.042647 0.045588
0 0.238971 0.391912 0.036765 0.039706
0 0.162500 0.380882 0.042647 0.047059
0 0.114706 0.374265 0.041176 0.039706
0 0.133824 0.417647 0.052941 0.047059
0 0.244853 0.468382 0.060294 0.054412
0 0.123529 0.477206 0.050000 0.048529
0 0.208824 0.506618 0.044118 0.042647
0 0.180882 0.534559 0.035294 0.039706
0 0.135294 0.529412 0.047059 0.044118
0 0.098529 0.524265 0.044118 0.042647
0 0.116912 0.569118 0.045588 0.044118
0 0.036029 0.552206 0.045588 0.051471
0 0.034559 0.615441 0.036765 0.048529
0 0.097794 0.602206 0.039706 0.048529
0 0.077941 0.643382 0.044118 0.045588
0 0.101471 0.683824 0.041176 0.044118
0 0.191912 0.575735 0.033824 0.039706
0 0.230147 0.551471 0.039706 0.044118
0 0.259559 0.520588 0.042647 0.044118
0 0.122794 0.818382 0.060294 0.063235
0 0.118382 0.744118 0.045588 0.047059
0 0.165441 0.727941 0.045588 0.047059
0 0.160294 0.656618 0.044118 0.054412
0 0.199265 0.687500 0.042647 0.042647
0 0.085294 0.718382 0.050000 0.039706
0 0.038235 0.813971 0.050000 0.054412
0 0.256618 0.719118 0.054412 0.047059
0 0.272794 0.638235 0.036765 0.047059
0 0.219118 0.640441 0.050000 0.045588
0 0.358824 0.562500 0.050000 0.045588
0 0.394853 0.611765 0.042647 0.041176
0 0.315441 0.766176 0.060294 0.050000
0 0.431618 0.727206 0.045588 0.051471
0 0.496324 0.752941 0.036765 0.044118
0 0.455882 0.667647 0.038235 0.052941
0 0.536029 0.600000 0.045588 0.058824
0 0.492647 0.625735 0.029412 0.036765
0 0.519853 0.649265 0.036765 0.042647
0 0.635294 0.640441 0.050000 0.054412
0 0.586029 0.525000 0.057353 0.052941
0 0.611765 0.563971 0.047059 0.042647
0 0.655147 0.475000 0.048529 0.052941
0 0.499265 0.508088 0.051471 0.051471
0 0.374265 0.400735 0.054412 0.054412
0 0.521324 0.257353 0.045588 0.050000
0 0.615441 0.324265 0.048529 0.051471
0 0.559559 0.312500 0.051471 0.045588
0 0.541176 0.170588 0.038235 0.038235
0 0.575000 0.202941 0.035294 0.041176
0 0.655882 0.039706 0.055882 0.050000
0 0.753676 0.032353 0.048529 0.055882
0 0.803676 0.028676 0.045588 0.051471
0 0.923529 0.027941 0.047059 0.052941
0 0.208088 0.052941 0.045588 0.050000
0 0.039706 0.480882 0.050000 0.044118
0 0.024265 0.398529 0.045588 0.061765
0 0.019853 0.294118 0.036765 0.055882
0 0.339706 0.489706 0.052941 0.044118
0 0.555882 0.109559 0.047059 0.036765
0 0.737500 0.444853 0.048529 0.054412
0 0.786765 0.438235 0.038235 0.047059
0 0.841912 0.433824 0.054412 0.050000
0 0.910294 0.372059 0.035294 0.041176
0 0.734559 0.525000 0.057353 0.058824
0 0.858088 0.850000 0.051471 0.052941
0 0.738971 0.856618 0.048529 0.051471
0 0.408824 0.851471 0.058824 0.050000
0 0.359559 0.883088 0.060294 0.057353
0 0.145588 0.944853 0.050000 0.051471
0 0.197059 0.979412 0.044118 0.041176
0 0.250000 0.964706 0.050000 0.047059
1 0.333824 0.160294 0.038235 0.047059
1 0.399265 0.152206 0.033824 0.045588
1 0.363971 0.026471 0.042647 0.050000
1 0.438971 0.060294 0.048529 0.038235
1 0.579412 0.050000 0.044118 0.055882
1 0.479412 0.016912 0.035294 0.030882
