0 0.373529 0.031618 0.052941 0.045588
0 0.311765 0.042647 0.061765 0.067647
0 0.429412 0.149265 0.050000 0.036765
0 0.388971 0.151471 0.045588 0.052941
0 0.266176 0.144853 0.041176 0.045588
0 0.212500 0.155882 0.045588 0.047059
0 0.311765 0.137500 0.047059 0.048529
0 0.355147 0.199265 0.039706 0.042647
0 0.314706 0.198529 0.047059 0.047059
0 0.141912 0.194853 0.051471 0.048529
0 0.123529 0.235294 0.055882 0.050000
0 0.224265 0.256618 0.060294 0.042647
0 0.311765 0.281618 0.050000 0.036765
0 0.091912 0.310294 0.039706 0.041176
0 0.136765 0.311029 0.052941 0.045588
0 0.172059 0.260294 0.050000 0.041176
0 0.191912 0.302941 0.051471 0.052941
0 0.240441 0.300735 0.045588 0.054412
0 0.163971 0.380882 0.045588 0.058824
0 0.093382 0.355147 0.054412 0.054412
0 0.016912 0.466176 0.030882 0.044118
0 0.056618 0.472059 0.042647 0.038235
0 0.099265 0.495588 0.045588 0.050000
0 0.055147 0.523529 0.036765 0.038235
0 0.160294 0.477206 0.061765 0.060294
0 0.097794 0.550000 0.048529 0.047059
0 0.145588 0.610294 0.047059 0.050000
0 0.148529 0.555147 0.041176 0.042647
0 0.194118 0.567647 0.052941 0.050000
0 0.245588 0.597059 0.047059 0.041176
0 0.204412 0.613971 0.038235 0.039706
0 0.245588 0.641176 0.044118 0.050000
0 0.411029 0.574265 0.051471 0.048529
0 0.437500 0.487500 0.039706 0.039706
0 0.408088 0.508088 0.048529 0.045588
0 0.516176 0.475000 0.052941 0.050000
0 0.475000 0.508824 0.050000 0.047059
0 0.481618 0.627206 0.042647 0.045588
0 0.463971 0.578676 0.048529 0.051471
0 0.511029 0.587500 0.039706 0.045588
0 0.538235 0.563971 0.041176 0.039706
0 0.563971 0.522794 0.033824 0.051471
0 0.515441 0.519118 0.036765 0.038235
0 0.524265 0.626471 0.042647 0.050000
0 0.573529 0.636765 0.050000 0.047059
0 0.585294 0.574265 0.047059 0.042647
0 0.600735 0.483824 0.033824 0.038235
0 0.617647 0.533088 0.044118 0.042647
0 0.644853 0.489706 0.042647 0.055882
0 0.546324 0.675735 0.042647 0.045588
0 0.530882 0.758824 0.050000 0.052941
0 0.655882 0.740441 0.052941 0.057353
0 0.586765 0.775735 0.052941 0.048529
0 0.591176 0.686765 0.041176 0.041176
0 0.644118 0.615441 0.044118 0.048529
0 0.617647 0.655147 0.038235 0.045588
0 0.799265 0.572059 0.051471 0.055882
0 0.667647 0.659559 0.047059 0.048529
0 0.833088 0.725000 0.045588 0.058824
0 0.883088 0.708824 0.048529 0.058824
0 0.920588 0.808824 0.050000 0.064706
0 0.936029 0.738971 0.054412 0.048529
0 0.888971 0.747794 0.042647 0.054412
0 0.879412 0.597059 0.038235 0.047059
0 0.819118 0.636029 0.050000 0.051471
0 0.927206 0.602206 0.045588 0.042647
0 0.906618 0.560294 0.057353 0.044118
0 0.832353 0.547794 0.050000 0.048529
0 0.711765 0.552941 0.055882 0.047059
0 0.732353 0.750735 0.058824 0.060294
0 0.980147 0.844853 0.039706 0.069118
0 0.488971 0.975000 0.069118 0.050000
0 0.522059 0.858088 0.061765 0.057353
0 0.445588 0.854412 0.052941 0.064706
0 0.328676 0.766912 0.045588 0.045588
0 0.363971 0.652206 0.051471 0.045588
0 0.438971 0.739706 0.048529 0.047059
0 0.390441 0.743382 0.042647 0.045588
0 0.341176 0.730882 0.050000 0.050000
0 0.337500 0.683088 0.036765 0.039706
0 0.404412 0.647794 0.050000 0.045588
0 0.416176 0.692647 0.047059 0.044118
0 0.375735 0.689706 0.042647 0.050000
0 0.298529 0.974265 0.058824 0.051471
0 0.371324 0.883824 0.048529 0.044118
0 0.376471 0.933824 0.041176 0.047059
0 0.202206 0.972059 0.051471 0.047059
0 0.152206 0.982353 0.042647 0.035294
0 0.240441 0.952206 0.048529 0.045588
0 0.594853 0.250000 0.054412 0.067647
0 0.542647 0.291912 0.055882 0.051471
0 0.550735 0.344118 0.048529 0.052941
0 0.694853 0.508824 0.048529 0.047059
0 0.716912 0.472059 0.048529 0.050000
0 0.594118 0.373529 0.041176 0.047059
0 0.619118 0.331618 0.052941 0.042647
0 0.644853 0.386765 0.048529 0.052941
0 0.666912 0.333088 0.045588 0.048529
0 0.697059 0.297794 0.050000 0.054412
0 0.655882 0.294853 0.047059 0.048529
0 0.746324 0.307353 0.054412 0.050000
0 0.822794 0.285294 0.048529 0.052941
0 0.858088 0.358088 0.039706 0.051471
0 0.766912 0.379412 0.045588 0.041176
0 0.700000 0.419118 0.038235 0.044118
0 0.731618 0.387500 0.042647 0.045588
0 0.667647 0.236765 0.038235 0.044118
0 0.719853 0.230147 0.054412 0.057353
0 0.633088 0.161765 0.051471 0.058824
0 0.682353 0.138971 0.041176 0.039706
0 0.724265 0.154412 0.045588 0.052941
0 0.769118 0.156618 0.044118 0.048529
0 0.813235 0.163971 0.035294 0.060294
0 0.866912 0.163235 0.048529 0.058824
0 0.942647 0.260294 0.044118 0.058824
0 0.925735 0.308088 0.042647 0.039706
0 0.822059 0.472059 0.050000 0.052941
0 0.863971 0.477941 0.045588 0.058824
0 0.906618 0.494853 0.045588 0.072059
0 0.980147 0.358824 0.039706 0.064706
0 0.963971 0.178676 0.048529 0.048529
0 0.914706 0.169853 0.050000 0.054412
0 0.783824 0.085294 0.050000 0.041176
0 0.707353 0.095588 0.047059 0.047059
0 0.977941 0.570588 0.044118 0.047059
1 0.380882 0.353676 0.076471 0.045588
1 0.264706 0.519118 0.052941 0.038235
1 0.455882 0.429412 0.055882 0.058824
1 0.399265 0.459559 0.036765 0.030882
1 0.727941 0.060294 0.058824 0.041176
