0 0.398529 0.305147 0.044118 0.045588
0 0.462500 0.302941 0.045588 0.050000
0 0.516912 0.311029 0.039706 0.039706
0 0.574265 0.310294 0.033824 0.041176
0 0.623529 0.315441 0.041176 0.048529
0 0.683824 0.319118 0.047059 0.044118
0 0.742647 0.321324 0.050000 0.045588
0 0.748529 0.263971 0.050000 0.042647
0 0.444118 0.402206 0.052941 0.045588
0 0.455882 0.442647 0.044118 0.044118
0 0.504412 0.434559 0.047059 0.051471
0 0.549265 0.433824 0.045588 0.041176
0 0.477941 0.366176 0.047059 0.035294
0 0.533088 0.355147 0.048529 0.039706
0 0.512500 0.393382 0.042647 0.033824
0 0.583824 0.361029 0.032353 0.039706
0 0.646324 0.439706 0.042647 0.038235
0 0.650735 0.388235 0.033824 0.038235
0 0.703676 0.389706 0.045588 0.041176
0 0.649265 0.605882 0.045588 0.041176
0 0.635294 0.655147 0.047059 0.042647
0 0.538971 0.663235 0.045588 0.047059
0 0.495588 0.722059 0.050000 0.041176
0 0.491912 0.522059 0.042647 0.032353
0 0.480882 0.568382 0.044118 0.042647
0 0.574265 0.565441 0.042647 0.033824
0 0.383088 0.565441 0.042647 0.045588
0 0.757353 0.848529 0.055882 0.050000
0 0.977206 0.191176 0.045588 0.061765
0 0.888971 0.177206 0.042647 0.057353
0 0.762500 0.144118 0.030882 0.044118
0 0.811765 0.154412 0.041176 0.052941
0 0.575000 0.157353 0.041176 0.047059
0 0.697059 0.133088 0.044118 0.051471
0 0.608088 0.119853 0.033824 0.033824
0 0.502206 0.079412 0.039706 0.047059
0 0.552941 0.075735 0.050000 0.042647
0 0.563971 0.113971 0.039706 0.039706
0 0.636765 0.078676 0.047059 0.051471
0 0.686765 0.084559 0.044118 0.042647
0 0.367647 0.351471 0.044118 0.044118
0 0.361029 0.463971 0.048529 0.057353
0 0.282353 0.130147 0.058824 0.051471
0 0.289706 0.217647 0.047059 0.044118
1 0.195588 0.106618 0.094118 0.051471
1 0.447794 0.207353 0.057353 0.061765
1 0.220588 0.184559 0.061765 0.054412
0 0.075735 0.249265 0.045588 0.042647
1 0.156618 0.383088 0.048529 0.060294
1 0.072059 0.455882 0.050000 0.058824
1 0.182353 0.605882 0.047059 0.038235
1 0.048529 0.629412 0.038235 0.035294
1 0.097794 0.795588 0.033824 0.052941
1 0.280882 0.798529 0.038235 0.047059
1 0.419853 0.891176 0.063235 0.038235
1 0.652206 0.863971 0.048529 0.060294
1 0.886029 0.805147 0.039706 0.048529
1 0.785294 0.982353 0.041176 0.029412
