0 0.334559 0.131618 0.051471 0.063235
0 0.027206 0.230147 0.051471 0.069118
0 0.194118 0.308088 0.050000 0.054412
0 0.247794 0.292647 0.036765 0.038235
0 0.435294 0.234559 0.041176 0.054412
0 0.477941 0.244853 0.047059 0.063235
0 0.519853 0.215441 0.054412 0.057353
0 0.290441 0.322059 0.048529 0.047059
0 0.196324 0.363235 0.066176 0.050000
0 0.122059 0.361029 0.064706 0.066176
0 0.029412 0.477941 0.055882 0.055882
0 0.041176 0.429412 0.058824 0.047059
0 0.132353 0.502206 0.052941 0.057353
0 0.087500 0.570588 0.066176 0.055882
0 0.029412 0.572794 0.055882 0.086765
0 0.262500 0.492647 0.045588 0.067647
0 0.212500 0.486765 0.048529 0.058824
0 0.175735 0.768382 0.045588 0.042647
0 0.139706 0.782353 0.035294 0.038235
0 0.180147 0.696324 0.054412 0.048529
0 0.186029 0.639706 0.060294 0.047059
0 0.100735 0.636029 0.033824 0.039706
0 0.136029 0.606618 0.039706 0.039706
0 0.191176 0.588971 0.055882 0.045588
0 0.098529 0.707353 0.050000 0.047059
0 0.201471 0.416912 0.047059 0.048529
0 0.250000 0.405882 0.050000 0.064706
0 0.344853 0.400000 0.060294 0.061765
0 0.577206 0.301471 0.051471 0.047059
0 0.481618 0.350735 0.039706 0.045588
0 0.541176 0.347794 0.058824 0.060294
0 0.576471 0.463235 0.047059 0.055882
0 0.496324 0.498529 0.048529 0.044118
0 0.743382 0.514706 0.060294 0.052941
0 0.842647 0.623529 0.055882 0.052941
0 0.794118 0.654412 0.047059 0.055882
0 0.338971 0.841912 0.066176 0.063235
0 0.832353 0.824265 0.047059 0.060294
0 0.611029 0.545588 0.063235 0.061765
0 0.981618 0.280147 0.036765 0.054412
0 0.964706 0.222059 0.055882 0.055882
0 0.969118 0.150000 0.055882 0.061765
0 0.923529 0.302941 0.041176 0.044118
0 0.127206 0.277941 0.051471 0.055882
0 0.136765 0.207353 0.050000 0.058824
0 0.294118 0.164706 0.047059 0.050000
0 0.035294 0.369853 0.041176 0.045588
0 0.468382 0.405147 0.045588 0.042647
0 0.391912 0.120588 0.054412 0.055882
0 0.521324 0.156618 0.045588 0.045588
0 0.572059 0.209559 0.041176 0.042647
0 0.497059 0.117647 0.041176 0.041176
0 0.480882 0.157353 0.047059 0.044118
0 0.391912 0.313971 0.048529 0.048529
0 0.327941 0.352941 0.044118 0.052941
0 0.336765 0.292647 0.044118 0.044118
0 0.655147 0.485294 0.060294 0.058824
0 0.886029 0.475000 0.045588 0.050000
0 0.839706 0.478676 0.041176 0.045588
0 0.762500 0.340441 0.054412 0.048529
0 0.869853 0.308088 0.054412 0.051471
0 0.906618 0.565441 0.048529 0.051471
0 0.896324 0.608824 0.048529 0.050000
0 0.884559 0.697059 0.063235 0.058824
0 0.822794 0.709559 0.048529 0.042647
0 0.940441 0.816176 0.060294 0.047059
0 0.889706 0.823529 0.047059 0.050000
0 0.855882 0.757353 0.047059 0.047059
0 0.808088 0.757353 0.048529 0.052941
0 0.777206 0.818382 0.045588 0.048529
0 0.711765 0.563235 0.058824 0.058824
0 0.404412 0.582353 0.044118 0.061765
0 0.452206 0.588971 0.045588 0.054412
0 0.459559 0.545588 0.045588 0.041176
0 0.441912 0.508824 0.039706 0.047059
0 0.555882 0.527206 0.050000 0.057353
0 0.547059 0.569118 0.047059 0.044118
0 0.661765 0.794853 0.047059 0.057353
0 0.962500 0.552941 0.048529 0.064706
0 0.932353 0.475735 0.038235 0.048529
0 0.961029 0.436029 0.048529 0.054412
0 0.734559 0.378676 0.045588 0.039706
0 0.669118 0.413971 0.050000 0.048529
0 0.875000 0.094853 0.047059 0.048529
0 0.886765 0.166912 0.044118 0.045588
0 0.922794 0.123529 0.045588 0.050000
0 0.834559 0.118382 0.051471 0.060294
0 0.777941 0.180147 0.044118 0.039706
0 0.856618 0.372794 0.033824 0.045588
0 0.936029 0.356618 0.048529 0.042647
0 0.898529 0.386765 0.047059 0.044118
0 0.822059 0.284559 0.044118 0.048529
0 0.802206 0.475735 0.036765 0.042647
0 0.680147 0.649265 0.054412 0.054412
0 0.717647 0.744118 0.058824 0.047059
0 0.339706 0.491912 0.050000 0.051471
0 0.026471 0.293382 0.038235 0.045588
0 0.972794 0.030882 0.054412 0.055882
0 0.886765 0.038235 0.058824 0.050000
0 0.555147 0.037500 0.060294 0.063235
0 0.814706 0.238235 0.052941 0.044118
0 0.763235 0.255882 0.055882 0.047059
0 0.758824 0.301471 0.052941 0.038235
0 0.764706 0.209559 0.044118 0.039706
0 0.898529 0.213235 0.058824 0.052941
0 0.770588 0.976471 0.052941 0.044118
0 0.841176 0.976471 0.064706 0.047059
0 0.701471 0.968382 0.061765 0.063235
0 0.852941 0.888971 0.058824 0.054412
0 0.549265 0.965441 0.045588 0.048529
0 0.494118 0.900000 0.050000 0.041176
0 0.499265 0.955147 0.045588 0.045588
0 0.427206 0.980882 0.051471 0.038235
0 0.401471 0.939706 0.055882 0.044118
0 0.451471 0.930147 0.047059 0.051471
0 0.272059 0.945588 0.055882 0.050000
0 0.476471 0.741912 0.064706 0.054412
0 0.090441 0.798529 0.060294 0.055882
0 0.094118 0.749265 0.050000 0.045588
0 0.947059 0.747059 0.052941 0.047059
0 0.936029 0.649265 0.045588 0.048529
0 0.969853 0.663235 0.042647 0.052941
