0 0.134559 0.058824 0.063235 0.058824
0 0.202941 0.201471 0.052941 0.047059
0 0.291912 0.123529 0.054412 0.050000
0 0.338971 0.092647 0.048529 0.052941
0 0.353676 0.135294 0.045588 0.044118
0 0.362500 0.176471 0.045588 0.047059
0 0.492647 0.149265 0.052941 0.057353
0 0.365441 0.030882 0.054412 0.058824
0 0.396324 0.102206 0.051471 0.051471
0 0.445588 0.049265 0.055882 0.051471
0 0.599265 0.074265 0.042647 0.051471
0 0.646324 0.067647 0.045588 0.061765
0 0.705147 0.063235 0.057353 0.058824
0 0.548529 0.136765 0.041176 0.044118
0 0.763235 0.179412 0.052941 0.052941
0 0.965441 0.129412 0.069118 0.061765
0 0.897059 0.208088 0.070588 0.057353
0 0.865441 0.262500 0.057353 0.054412
0 0.940441 0.352941 0.057353 0.055882
0 0.905882 0.480147 0.067647 0.063235
0 0.919853 0.627206 0.063235 0.063235
0 0.582353 0.735294 0.052941 0.055882
0 0.230147 0.636029 0.051471 0.051471
0 0.080147 0.536765 0.048529 0.047059
0 0.119118 0.496324 0.047059 0.051471
0 0.091176 0.595588 0.061765 0.055882
0 0.090441 0.899265 0.045588 0.054412
0 0.931618 0.830147 0.051471 0.063235
0 0.555882 0.190441 0.052941 0.060294
0 0.440441 0.194118 0.054412 0.055882
0 0.394118 0.202941 0.047059 0.047059
0 0.493382 0.194853 0.051471 0.054412
1 0.663971 0.150735 0.077941 0.051471
0 0.516176 0.266912 0.035294 0.036765
0 0.023529 0.358824 0.044118 0.055882
0 0.393382 0.712500 0.057353 0.054412
0 0.238235 0.870588 0.061765 0.047059
0 0.291176 0.054412 0.041176 0.041176
0 0.705147 0.480147 0.069118 0.057353
0 0.981618 0.518382 0.036765 0.042647
0 0.924265 0.523529 0.042647 0.035294
0 0.947794 0.560294 0.036765 0.038235
0 0.170588 0.544853 0.041176 0.051471
0 0.610294 0.282353 0.032353 0.038235
0 0.875735 0.391176 0.048529 0.052941
0 0.791912 0.871324 0.057353 0.051471
0 0.887500 0.688971 0.051471 0.051471
