0 0.152206 0.138971 0.060294 0.045588
0 0.100000 0.083088 0.038235 0.039706
0 0.050000 0.088971 0.044118 0.042647
0 0.083824 0.150000 0.047059 0.052941
0 0.289706 0.035294 0.052941 0.064706
0 0.347794 0.031618 0.057353 0.060294
0 0.133824 0.036029 0.050000 0.063235
0 0.048529 0.039706 0.044118 0.052941
0 0.024265 0.251471 0.045588 0.055882
0 0.075000 0.230147 0.050000 0.039706
0 0.172059 0.241912 0.058824 0.048529
0 0.199265 0.413235 0.045588 0.052941
0 0.260294 0.404412 0.052941 0.050000
0 0.297794 0.441912 0.042647 0.039706
0 0.357353 0.441912 0.047059 0.051471
0 0.150735 0.554412 0.039706 0.061765
0 0.193382 0.599265 0.042647 0.063235
0 0.222794 0.556618 0.036765 0.045588
0 0.260294 0.531618 0.035294 0.054412
0 0.312500 0.536029 0.051471 0.048529
0 0.317647 0.605882 0.050000 0.050000
0 0.254412 0.589706 0.044118 0.052941
0 0.495588 0.580147 0.050000 0.054412
0 0.510294 0.638971 0.038235 0.042647
0 0.498529 0.500000 0.047059 0.041176
0 0.443382 0.423529 0.069118 0.055882
0 0.366176 0.375000 0.055882 0.052941
0 0.401471 0.342647 0.047059 0.050000
0 0.397059 0.292647 0.044118 0.052941
0 0.638235 0.452941 0.067647 0.073529
0 0.740441 0.440441 0.060294 0.051471
0 0.827941 0.420588 0.050000 0.047059
0 0.755882 0.488235 0.050000 0.044118
0 0.763235 0.527206 0.047059 0.039706
0 0.767647 0.561029 0.047059 0.033824
0 0.766912 0.597059 0.042647 0.041176
0 0.700000 0.720588 0.055882 0.055882
0 0.811765 0.583088 0.032353 0.042647
0 0.830147 0.509559 0.039706 0.039706
0 0.822059 0.466912 0.038235 0.042647
0 0.943382 0.360294 0.042647 0.044118
0 0.947794 0.408824 0.039706 0.044118
0 0.900735 0.418382 0.036765 0.036765
0 0.863971 0.463235 0.039706 0.044118
0 0.907353 0.461029 0.044118 0.051471
0 0.830882 0.277206 0.050000 0.048529
0 0.794853 0.235294 0.054412 0.055882
0 0.757353 0.192647 0.052941 0.052941
0 0.695588 0.241912 0.044118 0.048529
0 0.738235 0.275000 0.047059 0.052941
0 0.591912 0.240441 0.060294 0.066176
0 0.577206 0.345588 0.039706 0.052941
0 0.779412 0.340441 0.052941 0.054412
0 0.663971 0.319118 0.048529 0.047059
0 0.803676 0.150000 0.033824 0.047059
0 0.846324 0.145588 0.039706 0.055882
0 0.880147 0.188971 0.048529 0.051471
0 0.902206 0.242647 0.039706 0.050000
0 0.944118 0.265441 0.044118 0.051471
0 0.895588 0.300000 0.044118 0.047059
0 0.936029 0.197059 0.042647 0.058824
0 0.905147 0.125000 0.039706 0.058824
0 0.894118 0.073529 0.026471 0.047059
0 0.950000 0.078676 0.041176 0.039706
0 0.482353 0.097059 0.061765 0.058824
0 0.443382 0.277941 0.057353 0.052941
0 0.509559 0.308088 0.051471 0.045588
