0 0.681618 0.848529 0.045588 0.052941
0 0.710294 0.792647 0.050000 0.050000
0 0.609559 0.846324 0.042647 0.039706
0 0.607353 0.799265 0.047059 0.039706
0 0.589706 0.733824 0.055882 0.052941
0 0.490441 0.815441 0.042647 0.048529
0 0.527941 0.802206 0.038235 0.042647
0 0.565441 0.789706 0.045588 0.050000
0 0.426471 0.814706 0.041176 0.050000
0 0.391176 0.791912 0.038235 0.048529
0 0.308824 0.797794 0.041176 0.039706
0 0.372059 0.686765 0.052941 0.058824
0 0.302206 0.719118 0.045588 0.052941
0 0.353676 0.731618 0.048529 0.048529
0 0.356618 0.777206 0.033824 0.033824
0 0.242647 0.766912 0.041176 0.039706
0 0.390441 0.598529 0.057353 0.055882
0 0.511029 0.650000 0.054412 0.058824
0 0.464706 0.591912 0.052941 0.048529
0 0.491176 0.546324 0.058824 0.072059
0 0.436765 0.648529 0.050000 0.052941
0 0.652206 0.621324 0.051471 0.054412
0 0.719118 0.588235 0.047059 0.052941
0 0.758824 0.613235 0.041176 0.052941
0 0.793382 0.590441 0.048529 0.057353
0 0.842647 0.702941 0.038235 0.052941
0 0.895588 0.711765 0.050000 0.050000
0 0.664706 0.735294 0.047059 0.038235
0 0.455147 0.763971 0.063235 0.030882
0 0.289706 0.654412 0.058824 0.044118
0 0.815441 0.498529 0.039706 0.047059
0 0.853676 0.481618 0.045588 0.054412
0 0.860294 0.550735 0.041176 0.045588
0 0.833088 0.617647 0.039706 0.047059
0 0.874265 0.601471 0.051471 0.050000
0 0.733088 0.695588 0.048529 0.038235
0 0.627941 0.675735 0.052941 0.048529
0 0.568382 0.579412 0.060294 0.041176
0 0.582353 0.618382 0.052941 0.048529
0 0.518382 0.486029 0.051471 0.054412
0 0.586765 0.499265 0.035294 0.045588
0 0.701471 0.511765 0.067647 0.064706
0 0.380882 0.383824 0.050000 0.047059
0 0.430882 0.408824 0.047059 0.058824
0 0.355882 0.442647 0.052941 0.061765
0 0.413971 0.466176 0.054412 0.061765
0 0.443382 0.313235 0.051471 0.047059
0 0.453676 0.351471 0.048529 0.047059
0 0.572059 0.286029 0.044118 0.042647
0 0.542647 0.310294 0.041176 0.047059
0 0.533824 0.355147 0.041176 0.036765
0 0.608088 0.352206 0.042647 0.051471
0 0.569853 0.375735 0.042647 0.048529
0 0.618382 0.404412 0.051471 0.058824
0 0.588971 0.447059 0.069118 0.050000
0 0.612500 0.260294 0.042647 0.044118
0 0.696324 0.444118 0.060294 0.050000
0 0.687500 0.348529 0.051471 0.044118
0 0.766912 0.345588 0.048529 0.044118
0 0.812500 0.408824 0.051471 0.052941
0 0.736765 0.415441 0.047059 0.048529
0 0.696324 0.388235 0.039706 0.041176
0 0.880882 0.447059 0.050000 0.052941
0 0.922059 0.385294 0.041176 0.044118
0 0.888235 0.318382 0.047059 0.048529
0 0.730147 0.284559 0.039706 0.051471
0 0.651471 0.232353 0.050000 0.038235
0 0.692647 0.258824 0.044118 0.044118
0 0.486029 0.195588 0.054412 0.047059
0 0.528676 0.172794 0.042647 0.042647
0 0.534559 0.130147 0.045588 0.051471
0 0.569853 0.052941 0.045588 0.052941
0 0.570588 0.150000 0.041176 0.038235
0 0.607353 0.124265 0.050000 0.039706
0 0.645588 0.063235 0.041176 0.041176
0 0.686765 0.080882 0.032353 0.044118
0 0.684559 0.172794 0.042647 0.042647
0 0.761765 0.210294 0.044118 0.052941
0 0.800000 0.142647 0.041176 0.050000
0 0.761029 0.078676 0.045588 0.045588
0 0.839706 0.204412 0.035294 0.038235
0 0.804412 0.226471 0.032353 0.041176
0 0.772059 0.258088 0.047059 0.045588
0 0.884559 0.233088 0.039706 0.039706
0 0.845588 0.255882 0.038235 0.050000
0 0.874265 0.091912 0.045588 0.051471
0 0.909559 0.114706 0.039706 0.047059
0 0.919118 0.158824 0.035294 0.052941
0 0.846324 0.165441 0.039706 0.036765
0 0.960294 0.272059 0.047059 0.050000
0 0.959559 0.224265 0.054412 0.048529
0 0.912500 0.028676 0.051471 0.042647
0 0.985294 0.026471 0.029412 0.047059
0 0.912500 0.064706 0.042647 0.038235
0 0.952206 0.083824 0.045588 0.055882
0 0.954412 0.133824 0.041176 0.052941
0 0.960294 0.175735 0.047059 0.048529
0 0.964706 0.405147 0.047059 0.063235
0 0.927941 0.333824 0.035294 0.047059
0 0.809559 0.319853 0.045588 0.042647
0 0.811029 0.357353 0.039706 0.041176
0 0.967647 0.358824 0.038235 0.041176
0 0.965441 0.313235 0.051471 0.047059
0 0.918382 0.255882 0.033824 0.052941
0 0.885294 0.184559 0.041176 0.042647
0 0.838971 0.066176 0.039706 0.050000
0 0.686029 0.034559 0.057353 0.042647
0 0.378676 0.511765 0.054412 0.055882
0 0.272794 0.601471 0.057353 0.038235
0 0.983088 0.790441 0.033824 0.063235
0 0.916176 0.922059 0.052941 0.041176
0 0.506618 0.419853 0.051471 0.045588
0 0.496324 0.380882 0.039706 0.038235
0 0.496324 0.288235 0.039706 0.047059
0 0.610294 0.170588 0.038235 0.047059
0 0.539706 0.224265 0.047059 0.051471
0 0.759559 0.029412 0.051471 0.047059
0 0.893382 0.664706 0.057353 0.047059
0 0.806618 0.048529 0.042647 0.038235
0 0.729412 0.184559 0.038235 0.036765
0 0.723529 0.228676 0.041176 0.039706
0 0.577941 0.202941 0.047059 0.047059
0 0.575735 0.239706 0.039706 0.038235
0 0.608824 0.088971 0.044118 0.045588
0 0.692647 0.128676 0.047059 0.039706
0 0.759559 0.125735 0.042647 0.048529
0 0.763235 0.169118 0.038235 0.038235
0 0.764706 0.206618 0.047059 0.042647
0 0.801471 0.142647 0.038235 0.041176
0 0.803676 0.096324 0.033824 0.039706
0 0.841176 0.116912 0.038235 0.036765
0 0.651471 0.145588 0.047059 0.041176
0 0.650000 0.189706 0.041176 0.038235
0 0.652941 0.283824 0.038235 0.044118
