0 0.068382 0.335294 0.048529 0.044118
1 0.194118 0.389706 0.052941 0.032353
1 0.255147 0.298529 0.039706 0.032353
1 0.354412 0.333824 0.047059 0.038235
0 0.294853 0.464706 0.045588 0.044118
0 0.257353 0.523529 0.058824 0.050000
0 0.301471 0.705147 0.061765 0.057353
0 0.136765 0.579412 0.047059 0.044118
0 0.402206 0.815441 0.054412 0.051471
0 0.266176 0.819118 0.052941 0.050000
0 0.192647 0.856618 0.044118 0.042647
0 0.392647 0.866912 0.050000 0.048529
0 0.469853 0.819118 0.045588 0.047059
0 0.612500 0.839706 0.048529 0.052941
0 0.681618 0.892647 0.057353 0.052941
0 0.638235 0.889706 0.035294 0.047059
0 0.556618 0.954412 0.045588 0.052941
0 0.616912 0.957353 0.048529 0.058824
1 0.468382 0.750000 0.030882 0.038235
0 0.336029 0.908824 0.045588 0.055882
0 0.451471 0.915441 0.044118 0.042647
0 0.444853 0.869853 0.054412 0.039706
0 0.253676 0.908824 0.048529 0.047059
1 0.668382 0.975000 0.036765 0.044118
0 0.715441 0.750000 0.042647 0.050000
0 0.658824 0.761029 0.052941 0.045588
0 0.566912 0.761765 0.063235 0.050000
1 0.444853 0.548529 0.045588 0.041176
1 0.515441 0.500000 0.036765 0.047059
1 0.517647 0.592647 0.055882 0.041176
1 0.614706 0.563971 0.050000 0.039706
1 0.672059 0.601471 0.050000 0.044118
1 0.678676 0.644853 0.025000 0.033824
1 0.649265 0.672794 0.042647 0.039706
1 0.575735 0.638235 0.042647 0.038235
1 0.633824 0.373529 0.047059 0.032353
1 0.711029 0.382353 0.027941 0.052941
1 0.694853 0.422794 0.033824 0.036765
1 0.797794 0.408088 0.027941 0.033824
1 0.762500 0.430147 0.042647 0.039706
1 0.835294 0.429412 0.029412 0.035294
1 0.844118 0.523529 0.035294 0.050000
1 0.735294 0.477206 0.032353 0.045588
1 0.932353 0.480147 0.044118 0.048529
1 0.901471 0.556618 0.041176 0.042647
1 0.804412 0.668382 0.055882 0.045588
1 0.569853 0.155882 0.027941 0.044118
1 0.534559 0.200000 0.039706 0.032353
1 0.566176 0.236765 0.029412 0.050000
1 0.678676 0.238971 0.063235 0.045588
1 0.729412 0.221324 0.029412 0.030882
1 0.873529 0.240441 0.050000 0.039706
1 0.821324 0.284559 0.051471 0.039706
1 0.797059 0.325000 0.038235 0.035294
1 0.866176 0.320588 0.029412 0.064706
1 0.934559 0.344118 0.042647 0.047059
1 0.691912 0.123529 0.039706 0.032353
1 0.877206 0.084559 0.057353 0.054412
1 0.936029 0.097059 0.048529 0.044118
1 0.938235 0.138235 0.032353 0.038235
1 0.972059 0.143382 0.032353 0.039706
1 0.986765 0.109559 0.026471 0.042647
1 0.983088 0.212500 0.033824 0.045588
1 0.974265 0.258824 0.051471 0.041176
1 0.986765 0.330147 0.026471 0.033824
1 0.267647 0.177941 0.041176 0.047059
1 0.311765 0.125735 0.050000 0.036765
1 0.413971 0.158088 0.054412 0.042647
1 0.447794 0.209559 0.036765 0.036765
1 0.408824 0.210294 0.035294 0.052941
0 0.136029 0.105882 0.039706 0.035294
0 0.049265 0.469853 0.045588 0.051471
1 0.158088 0.761765 0.039706 0.052941
0 0.149265 0.935294 0.039706 0.047059
0 0.394853 0.980147 0.042647 0.039706
0 0.441912 0.952941 0.033824 0.044118
0 0.502206 0.899265 0.036765 0.039706
0 0.309559 0.860294 0.045588 0.038235
0 0.528676 0.831618 0.036765 0.042647
