0 0.069118 0.099265 0.061765 0.063235
0 0.142647 0.070588 0.050000 0.050000
0 0.331618 0.057353 0.042647 0.052941
0 0.332353 0.155147 0.038235 0.045588
0 0.384559 0.179412 0.045588 0.058824
0 0.484559 0.153676 0.039706 0.054412
0 0.534559 0.163971 0.039706 0.048529
0 0.404412 0.294118 0.047059 0.052941
0 0.349265 0.266176 0.054412 0.044118
0 0.106618 0.224265 0.051471 0.036765
0 0.148529 0.193382 0.047059 0.048529
0 0.242647 0.127206 0.047059 0.039706
0 0.205147 0.147794 0.042647 0.048529
0 0.200735 0.233088 0.054412 0.051471
0 0.258088 0.232353 0.042647 0.038235
0 0.254412 0.170588 0.038235 0.050000
0 0.147059 0.397059 0.029412 0.026471
0 0.166912 0.441912 0.054412 0.051471
0 0.133088 0.467647 0.045588 0.055882
0 0.152206 0.515441 0.045588 0.045588
0 0.243382 0.513235 0.051471 0.058824
0 0.216912 0.416176 0.036765 0.058824
0 0.264706 0.611765 0.050000 0.052941
0 0.246324 0.660294 0.045588 0.052941
0 0.320588 0.629412 0.041176 0.061765
0 0.377941 0.558824 0.038235 0.055882
0 0.366912 0.655882 0.045588 0.058824
0 0.457353 0.613971 0.038235 0.057353
0 0.544853 0.650735 0.042647 0.054412
0 0.672059 0.116176 0.050000 0.050000
0 0.859559 0.088971 0.057353 0.077941
0 0.937500 0.120588 0.039706 0.058824
0 0.980882 0.141176 0.038235 0.058824
0 0.818382 0.397059 0.060294 0.064706
0 0.803676 0.477941 0.048529 0.061765
0 0.917647 0.449265 0.050000 0.063235
0 0.972059 0.519853 0.052941 0.063235
0 0.875000 0.616176 0.052941 0.050000
0 0.864706 0.672059 0.055882 0.052941
0 0.829412 0.796324 0.070588 0.063235
0 0.894118 0.738971 0.044118 0.054412
0 0.937500 0.799265 0.048529 0.057353
0 0.850735 0.873529 0.057353 0.058824
0 0.769853 0.927206 0.060294 0.060294
0 0.586765 0.852941 0.055882 0.052941
0 0.676471 0.736765 0.052941 0.058824
0 0.645588 0.866912 0.050000 0.060294
0 0.481618 0.898529 0.048529 0.047059
0 0.905147 0.951471 0.039706 0.038235
0 0.859559 0.959559 0.036765 0.033824
0 0.814706 0.969118 0.044118 0.041176
0 0.774265 0.979412 0.048529 0.041176
0 0.802206 0.744118 0.048529 0.047059
0 0.821324 0.571324 0.051471 0.060294
0 0.630147 0.144118 0.048529 0.050000
0 0.581618 0.144853 0.042647 0.051471
0 0.261765 0.830882 0.047059 0.041176
0 0.221324 0.863235 0.045588 0.050000
0 0.182353 0.910294 0.050000 0.044118
0 0.229412 0.914706 0.044118 0.047059
0 0.272059 0.878676 0.044118 0.057353
0 0.296324 0.921324 0.042647 0.057353
0 0.057353 0.914706 0.052941 0.050000
0 0.094853 0.948529 0.048529 0.058824
0 0.058824 0.976471 0.052941 0.047059
0 0.174265 0.968382 0.048529 0.051471
0 0.248529 0.961029 0.044118 0.039706
0 0.347059 0.941176 0.052941 0.050000
0 0.431618 0.884559 0.042647 0.048529
0 0.385294 0.888971 0.041176 0.042647
0 0.394118 0.938971 0.050000 0.048529
0 0.341176 0.982353 0.055882 0.035294
0 0.463235 0.978676 0.058824 0.042647
0 0.556618 0.512500 0.039706 0.042647
0 0.085294 0.270588 0.058824 0.050000
0 0.017647 0.222059 0.032353 0.052941
0 0.019118 0.159559 0.035294 0.051471
0 0.280882 0.029412 0.044118 0.055882
0 0.880882 0.020588 0.032353 0.038235
0 0.580147 0.899265 0.051471 0.048529
0 0.706618 0.665441 0.045588 0.045588
0 0.759559 0.677206 0.045588 0.051471
0 0.152941 0.842647 0.050000 0.041176
0 0.147059 0.876471 0.050000 0.041176
0 0.186765 0.301471 0.041176 0.055882
0 0.936029 0.067647 0.057353 0.052941
