0 0.747794 0.247794 0.057353 0.072059
0 0.670588 0.168382 0.047059 0.051471
0 0.710294 0.208824 0.058824 0.064706
0 0.708088 0.571324 0.042647 0.042647
0 0.770588 0.588971 0.050000 0.048529
0 0.737500 0.630882 0.048529 0.050000
0 0.787500 0.637500 0.048529 0.048529
0 0.722059 0.711765 0.058824 0.058824
0 0.746324 0.769118 0.054412 0.050000
0 0.800735 0.687500 0.039706 0.048529
0 0.911765 0.750000 0.038235 0.047059
0 0.962500 0.755882 0.048529 0.044118
0 0.880147 0.658824 0.048529 0.050000
0 0.956618 0.622059 0.048529 0.050000
0 0.934559 0.674265 0.042647 0.042647
0 0.979412 0.552941 0.041176 0.050000
0 0.907353 0.478676 0.047059 0.048529
0 0.947794 0.450735 0.054412 0.057353
0 0.252206 0.888971 0.063235 0.057353
0 0.358088 0.875735 0.051471 0.045588
0 0.430147 0.913971 0.048529 0.057353
0 0.436765 0.832353 0.061765 0.055882
0 0.352941 0.813235 0.052941 0.052941
0 0.238235 0.969118 0.061765 0.055882
0 0.491176 0.909559 0.052941 0.045588
