0 0.444853 0.226471 0.054412 0.055882
0 0.494118 0.185294 0.041176 0.044118
0 0.522794 0.164706 0.042647 0.047059
0 0.571324 0.138235 0.048529 0.055882
0 0.566176 0.195588 0.044118 0.058824
0 0.645588 0.200735 0.041176 0.048529
0 0.697059 0.214706 0.044118 0.064706
0 0.630147 0.290441 0.063235 0.063235
0 0.725000 0.319853 0.052941 0.066176
0 0.786029 0.323529 0.042647 0.058824
0 0.510294 0.238971 0.052941 0.048529
0 0.521324 0.306618 0.054412 0.054412
0 0.576471 0.347059 0.050000 0.052941
0 0.334559 0.342647 0.066176 0.055882
0 0.297059 0.408088 0.041176 0.057353
0 0.343382 0.417647 0.048529 0.058824
0 0.475735 0.404412 0.051471 0.047059
0 0.397794 0.470588 0.051471 0.047059
0 0.445588 0.475000 0.050000 0.061765
0 0.487500 0.567647 0.057353 0.061765
0 0.561765 0.597059 0.070588 0.061765
0 0.535294 0.515441 0.047059 0.051471
0 0.575000 0.526471 0.038235 0.064706
0 0.635294 0.485294 0.058824 0.055882
0 0.670588 0.538235 0.055882 0.055882
0 0.674265 0.591176 0.054412 0.070588
0 0.711765 0.637500 0.047059 0.066176
0 0.622059 0.540441 0.055882 0.063235
0 0.693382 0.428676 0.054412 0.051471
0 0.722794 0.465441 0.039706 0.060294
0 0.786029 0.413971 0.054412 0.066176
0 0.756618 0.486029 0.051471 0.066176
0 0.847794 0.553676 0.054412 0.060294
0 0.875735 0.436765 0.051471 0.052941
0 0.847059 0.376471 0.044118 0.061765
0 0.909559 0.368382 0.048529 0.057353
0 0.953676 0.365441 0.042647 0.063235
0 0.905147 0.555147 0.057353 0.057353
0 0.909559 0.499265 0.051471 0.048529
0 0.865441 0.479412 0.045588 0.055882
0 0.830882 0.687500 0.064706 0.060294
0 0.882353 0.761765 0.061765 0.058824
0 0.916176 0.735294 0.050000 0.064706
0 0.923529 0.662500 0.047059 0.057353
0 0.876471 0.650735 0.047059 0.060294
0 0.900000 0.598529 0.047059 0.050000
0 0.965441 0.580147 0.045588 0.063235
0 0.705147 0.766912 0.066176 0.066176
0 0.601471 0.695588 0.047059 0.064706
0 0.552941 0.708088 0.058824 0.054412
0 0.503676 0.666912 0.045588 0.048529
0 0.562500 0.655147 0.057353 0.051471
0 0.583824 0.781618 0.055882 0.054412
0 0.627941 0.898529 0.052941 0.055882
0 0.486765 0.786765 0.052941 0.055882
0 0.524265 0.916176 0.051471 0.052941
0 0.440441 0.951471 0.048529 0.058824
0 0.411029 0.899265 0.048529 0.039706
0 0.372059 0.844118 0.055882 0.052941
0 0.316912 0.817647 0.054412 0.047059
0 0.272794 0.766176 0.060294 0.055882
0 0.406618 0.727941 0.051471 0.044118
0 0.319853 0.766912 0.048529 0.048529
0 0.319853 0.980882 0.063235 0.038235
0 0.055882 0.775000 0.055882 0.052941
0 0.099265 0.802206 0.048529 0.051471
0 0.236029 0.882353 0.036765 0.032353
0 0.168382 0.843382 0.045588 0.045588
0 0.185294 0.807353 0.041176 0.050000
0 0.147059 0.777206 0.044118 0.054412
0 0.208088 0.750735 0.060294 0.048529
0 0.222794 0.525000 0.045588 0.052941
0 0.263971 0.506618 0.048529 0.048529
0 0.336029 0.483824 0.057353 0.052941
0 0.400735 0.528676 0.048529 0.048529
0 0.395588 0.580882 0.050000 0.052941
0 0.433088 0.616912 0.045588 0.054412
0 0.449265 0.293382 0.051471 0.048529
0 0.465441 0.342647 0.060294 0.050000
0 0.540441 0.430882 0.057353 0.058824
0 0.502206 0.448529 0.042647 0.052941
0 0.966912 0.255882 0.060294 0.058824
0 0.822059 0.261029 0.061765 0.063235
0 0.757353 0.253676 0.052941 0.048529
0 0.805147 0.059559 0.057353 0.060294
0 0.869118 0.050000 0.047059 0.058824
0 0.952941 0.072794 0.047059 0.057353
0 0.791912 0.175735 0.063235 0.057353
0 0.919853 0.800000 0.066176 0.067647
0 0.979412 0.699265 0.041176 0.057353
1 0.366912 0.649265 0.039706 0.054412
1 0.309559 0.674265 0.060294 0.060294
1 0.145588 0.600735 0.047059 0.060294
1 0.186029 0.558824 0.069118 0.055882
1 0.260294 0.610294 0.167647 0.082353
1 0.175000 0.445588 0.041176 0.047059
1 0.111765 0.486765 0.055882 0.055882
