0 0.352206 0.375000 0.030882 0.035294
0 0.272794 0.362500 0.051471 0.045588
0 0.110294 0.393382 0.052941 0.051471
0 0.157353 0.405147 0.044118 0.045588
0 0.177206 0.363971 0.054412 0.048529
0 0.123529 0.502941 0.061765 0.064706
0 0.366176 0.490441 0.058824 0.051471
0 0.435294 0.486765 0.044118 0.061765
0 0.386029 0.536765 0.054412 0.050000
0 0.479412 0.436765 0.064706 0.055882
0 0.441176 0.361029 0.050000 0.060294
0 0.416912 0.280882 0.063235 0.058824
0 0.264706 0.274265 0.050000 0.051471
0 0.308824 0.288235 0.044118 0.058824
0 0.185294 0.253676 0.055882 0.051471
0 0.202941 0.188971 0.052941 0.045588
0 0.537500 0.312500 0.054412 0.063235
0 0.584559 0.381618 0.048529 0.057353
0 0.576471 0.451471 0.061765 0.061765
0 0.561029 0.509559 0.066176 0.063235
0 0.503676 0.479412 0.054412 0.058824
0 0.758824 0.539706 0.055882 0.058824
0 0.695588 0.564706 0.050000 0.055882
0 0.766176 0.459559 0.055882 0.057353
0 0.652206 0.471324 0.057353 0.066176
0 0.978676 0.403676 0.042647 0.066176
0 0.855147 0.396324 0.042647 0.060294
0 0.891912 0.433088 0.048529 0.051471
0 0.722059 0.308824 0.050000 0.058824
0 0.829412 0.255882 0.050000 0.044118
0 0.766912 0.355882 0.054412 0.055882
0 0.670588 0.652941 0.058824 0.064706
0 0.600000 0.603676 0.055882 0.063235
0 0.608824 0.658824 0.061765 0.058824
0 0.620588 0.713235 0.058824 0.055882
0 0.538971 0.643382 0.063235 0.063235
0 0.538235 0.729412 0.055882 0.061765
0 0.807353 0.880147 0.073529 0.075000
0 0.958824 0.576471 0.067647 0.064706
0 0.867647 0.571324 0.047059 0.060294
0 0.401471 0.619118 0.064706 0.058824
0 0.457353 0.547059 0.047059 0.050000
0 0.764706 0.252941 0.055882 0.052941
0 0.096324 0.205147 0.054412 0.054412
0 0.114706 0.113971 0.050000 0.048529
0 0.253676 0.036765 0.054412 0.070588
0 0.165441 0.027941 0.039706 0.050000
0 0.023529 0.086765 0.044118 0.041176
0 0.028676 0.016912 0.054412 0.030882
0 0.600000 0.338235 0.050000 0.052941
0 0.765441 0.651471 0.057353 0.064706
0 0.561765 0.785294 0.064706 0.064706
0 0.622794 0.771324 0.054412 0.063235
0 0.688235 0.946324 0.061765 0.066176
0 0.916176 0.915441 0.058824 0.060294
0 0.115441 0.642647 0.075000 0.061765
0 0.030147 0.686765 0.057353 0.061765
0 0.163235 0.852206 0.064706 0.060294
0 0.105147 0.875735 0.045588 0.051471
0 0.194118 0.910294 0.064706 0.058824
0 0.152941 0.955147 0.050000 0.051471
0 0.161029 0.581618 0.066176 0.057353
0 0.227941 0.402941 0.044118 0.055882
0 0.886765 0.244118 0.038235 0.052941
0 0.926471 0.233088 0.041176 0.063235
0 0.055882 0.891912 0.038235 0.054412
0 0.072794 0.830882 0.048529 0.061765
0 0.094118 0.722059 0.055882 0.061765
