0 0.376471 0.208824 0.047059 0.050000
0 0.447794 0.329412 0.051471 0.058824
0 0.111765 0.522059 0.061765 0.050000
0 0.080882 0.568382 0.058824 0.054412
0 0.080882 0.484559 0.047059 0.048529
0 0.030882 0.554412 0.044118 0.041176
0 0.155147 0.665441 0.042647 0.042647
0 0.030147 0.684559 0.048529 0.039706
0 0.082353 0.697059 0.032353 0.047059
0 0.146324 0.751471 0.054412 0.044118
0 0.017647 0.768382 0.032353 0.057353
0 0.069118 0.780147 0.061765 0.051471
0 0.181618 0.844118 0.045588 0.052941
0 0.131618 0.835294 0.042647 0.052941
0 0.084559 0.829412 0.042647 0.047059
0 0.038971 0.863235 0.042647 0.050000
0 0.080882 0.927206 0.052941 0.051471
0 0.321324 0.977941 0.060294 0.044118
0 0.480147 0.968382 0.054412 0.054412
0 0.723529 0.857353 0.047059 0.058824
0 0.788235 0.891912 0.038235 0.048529
0 0.705147 0.929412 0.054412 0.044118
0 0.692647 0.982353 0.050000 0.035294
0 0.068382 0.036029 0.072059 0.054412
1 0.800735 0.625000 0.089706 0.070588
1 0.617647 0.545588 0.047059 0.052941
1 0.872794 0.953676 0.033824 0.051471
1 0.763235 0.791176 0.076471 0.044118
