0 0.047059 0.194118 0.061765 0.064706
0 0.053676 0.252941 0.045588 0.050000
0 0.079412 0.298529 0.047059 0.055882
0 0.206618 0.177941 0.048529 0.047059
0 0.242647 0.197794 0.047059 0.066176
0 0.291912 0.153676 0.051471 0.066176
0 0.255147 0.086765 0.054412 0.052941
0 0.262500 0.261029 0.051471 0.060294
0 0.319853 0.311029 0.057353 0.069118
0 0.313235 0.243382 0.050000 0.057353
0 0.333088 0.202941 0.057353 0.061765
0 0.395588 0.259559 0.041176 0.066176
0 0.399265 0.148529 0.054412 0.064706
0 0.502941 0.153676 0.044118 0.057353
0 0.529412 0.035294 0.058824 0.058824
0 0.573529 0.157353 0.050000 0.064706
0 0.613235 0.132353 0.052941 0.058824
0 0.622059 0.186029 0.047059 0.066176
0 0.805882 0.147794 0.058824 0.066176
0 0.684559 0.220588 0.063235 0.058824
0 0.770588 0.227206 0.064706 0.075000
0 0.800735 0.307353 0.051471 0.067647
0 0.856618 0.277941 0.051471 0.055882
0 0.922059 0.279412 0.064706 0.076471
0 0.902941 0.331618 0.055882 0.063235
0 0.794853 0.363235 0.063235 0.070588
0 0.705882 0.377941 0.067647 0.070588
0 0.433088 0.422059 0.072059 0.070588
0 0.477206 0.391176 0.057353 0.067647
0 0.526471 0.375735 0.061765 0.066176
0 0.569118 0.475735 0.070588 0.060294
0 0.894853 0.385294 0.045588 0.055882
0 0.927206 0.419853 0.057353 0.069118
0 0.875000 0.427941 0.055882 0.055882
0 0.782353 0.525735 0.058824 0.060294
0 0.853676 0.555882 0.048529 0.050000
0 0.951471 0.505882 0.055882 0.064706
0 0.831618 0.606618 0.048529 0.060294
0 0.867647 0.680147 0.044118 0.060294
0 0.750000 0.699265 0.052941 0.060294
0 0.764706 0.626471 0.052941 0.050000
0 0.980882 0.616912 0.038235 0.054412
0 0.910294 0.765441 0.052941 0.060294
0 0.911765 0.886765 0.058824 0.064706
0 0.789706 0.957353 0.052941 0.061765
0 0.845588 0.964706 0.055882 0.055882
0 0.917647 0.941912 0.058824 0.057353
0 0.382353 0.902941 0.050000 0.079412
0 0.427206 0.888971 0.048529 0.060294
0 0.474265 0.882353 0.057353 0.052941
0 0.454412 0.791912 0.055882 0.057353
0 0.516912 0.977941 0.048529 0.044118
0 0.573529 0.958824 0.070588 0.058824
0 0.594118 0.873529 0.044118 0.058824
0 0.544853 0.869853 0.048529 0.054412
0 0.494118 0.805882 0.041176 0.041176
0 0.556618 0.743382 0.051471 0.045588
0 0.552206 0.688235 0.054412 0.052941
0 0.758824 0.821324 0.050000 0.063235
0 0.800000 0.844118 0.047059 0.064706
0 0.641176 0.761029 0.047059 0.051471
0 0.637500 0.701471 0.066176 0.055882
0 0.602941 0.752206 0.050000 0.054412
0 0.319118 0.796324 0.067647 0.057353
0 0.113235 0.772794 0.058824 0.066176
0 0.166176 0.800735 0.058824 0.066176
0 0.222794 0.811029 0.048529 0.048529
0 0.213235 0.909559 0.055882 0.051471
0 0.294118 0.887500 0.055882 0.057353
0 0.321324 0.966912 0.039706 0.051471
0 0.364706 0.954412 0.047059 0.047059
0 0.225735 0.653676 0.060294 0.054412
0 0.096324 0.634559 0.054412 0.060294
0 0.034559 0.588971 0.054412 0.066176
0 0.139706 0.541912 0.052941 0.063235
0 0.208824 0.528676 0.050000 0.054412
0 0.166176 0.439706 0.070588 0.076471
0 0.167647 0.355882 0.055882 0.073529
0 0.099265 0.461029 0.057353 0.057353
0 0.085294 0.513971 0.055882 0.051471
0 0.049265 0.435294 0.054412 0.061765
0 0.686029 0.112500 0.066176 0.069118
0 0.650735 0.027206 0.057353 0.051471
0 0.669853 0.872059 0.045588 0.047059
0 0.827941 0.734559 0.050000 0.063235
0 0.539706 0.805882 0.050000 0.044118
0 0.177941 0.951471 0.047059 0.044118
0 0.063235 0.900000 0.047059 0.038235
0 0.054412 0.852941 0.041176 0.038235
0 0.976471 0.747794 0.047059 0.048529
