1 0.281618 0.094118 0.075000 0.061765
1 0.195588 0.143382 0.047059 0.051471
1 0.140441 0.172059 0.057353 0.055882
1 0.362500 0.212500 0.048529 0.054412
1 0.302206 0.247794 0.060294 0.039706
1 0.061029 0.330147 0.054412 0.036765
1 0.211765 0.330882 0.047059 0.032353
1 0.225735 0.371324 0.066176 0.045588
1 0.333824 0.331618 0.058824 0.045588
1 0.401471 0.281618 0.067647 0.066176
1 0.435294 0.334559 0.091176 0.063235
1 0.489706 0.383824 0.088235 0.070588
1 0.372794 0.388971 0.063235 0.036765
1 0.270588 0.444118 0.050000 0.055882
1 0.544118 0.458824 0.070588 0.070588
1 0.409559 0.438971 0.057353 0.057353
1 0.055882 0.473529 0.108824 0.097059
1 0.112500 0.549265 0.051471 0.042647
1 0.173529 0.502206 0.058824 0.057353
1 0.171324 0.563971 0.042647 0.039706
1 0.330147 0.671324 0.051471 0.042647
1 0.385294 0.679412 0.073529 0.067647
1 0.474265 0.611029 0.060294 0.054412
1 0.548529 0.556618 0.055882 0.045588
1 0.675735 0.636765 0.086765 0.070588
1 0.789706 0.793382 0.067647 0.066176
1 0.846324 0.761765 0.063235 0.067647
1 0.901471 0.860294 0.108824 0.105882
1 0.964706 0.905147 0.070588 0.060294
1 0.833088 0.902206 0.042647 0.036765
1 0.791912 0.928676 0.039706 0.039706
1 0.815441 0.963971 0.042647 0.039706
1 0.913235 0.968382 0.050000 0.048529
1 0.719118 0.763235 0.047059 0.044118
1 0.694853 0.841176 0.045588 0.032353
1 0.717647 0.878676 0.044118 0.033824
1 0.650735 0.737500 0.048529 0.045588
1 0.755882 0.647794 0.058824 0.054412
1 0.807353 0.680882 0.047059 0.044118
1 0.837500 0.463971 0.036765 0.027941
1 0.913971 0.472059 0.127941 0.085294
1 0.924265 0.513235 0.048529 0.055882
1 0.956618 0.565441 0.086765 0.069118
1 0.627206 0.550735 0.127941 0.092647
1 0.088235 0.844853 0.052941 0.039706
1 0.119853 0.895588 0.048529 0.041176
1 0.161765 0.769118 0.047059 0.041176
1 0.297059 0.713235 0.050000 0.041176
1 0.315441 0.770588 0.051471 0.041176
1 0.322059 0.886029 0.038235 0.033824
1 0.364706 0.914706 0.058824 0.035294
1 0.271324 0.931618 0.048529 0.036765
1 0.191912 0.858824 0.063235 0.041176
1 0.179412 0.689706 0.038235 0.044118
1 0.225735 0.687500 0.048529 0.039706
1 0.205882 0.974265 0.073529 0.051471
1 0.490441 0.941912 0.057353 0.045588
1 0.432353 0.871324 0.055882 0.042647
1 0.387500 0.855882 0.045588 0.038235
1 0.557353 0.907353 0.058824 0.041176
1 0.605147 0.888971 0.077941 0.083824
1 0.480882 0.810294 0.052941 0.044118
1 0.879412 0.206618 0.052941 0.077941
1 0.962500 0.208088 0.036765 0.080882
1 0.917647 0.222794 0.029412 0.083824
1 0.864706 0.276471 0.041176 0.041176
1 0.801471 0.290441 0.041176 0.054412
1 0.771324 0.372794 0.075000 0.069118
1 0.861029 0.384559 0.039706 0.051471
1 0.876471 0.335294 0.050000 0.044118
1 0.672059 0.215441 0.091176 0.095588
1 0.719118 0.295588 0.088235 0.070588
1 0.756618 0.222059 0.069118 0.061765
1 0.621324 0.096324 0.069118 0.045588
1 0.551471 0.046324 0.123529 0.075000
1 0.689706 0.035294 0.052941 0.067647
1 0.763235 0.058088 0.067647 0.045588
1 0.843382 0.047059 0.048529 0.032353
1 0.947059 0.039706 0.041176 0.076471
