1 0.056618 0.066814 0.042647 0.048458
1 0.098529 0.050661 0.047059 0.033774
1 0.088235 0.013950 0.041176 0.024963
1 0.269853 0.054332 0.033824 0.035242
1 0.292647 0.143172 0.035294 0.045521
1 0.355147 0.160059 0.042647 0.044053
1 0.473529 0.088106 0.047059 0.055800
1 0.475000 0.033774 0.041176 0.041116
1 0.528676 0.064611 0.036765 0.029369
1 0.337500 0.012482 0.045588 0.022026
1 0.719118 0.127753 0.047059 0.046990
1 0.770588 0.232012 0.047059 0.046990
1 0.805882 0.060206 0.052941 0.041116
1 0.858824 0.075624 0.041176 0.042584
1 0.924265 0.066079 0.054412 0.044053
1 0.831618 0.015419 0.057353 0.027900
1 0.974265 0.029369 0.051471 0.038179
1 0.912500 0.201909 0.039706 0.042584
1 0.952206 0.194567 0.045588 0.051395
1 0.920588 0.333333 0.038235 0.041116
1 0.870588 0.292952 0.044118 0.045521
1 0.968382 0.942731 0.054412 0.038179
1 0.544853 0.825257 0.039706 0.046990
1 0.602941 0.883260 0.035294 0.048458
1 0.638971 0.970631 0.048529 0.038179
1 0.583088 0.964023 0.036765 0.045521
1 0.405147 0.795888 0.060294 0.041116
1 0.457353 0.862702 0.079412 0.048458
1 0.280147 0.828928 0.060294 0.033774
1 0.219853 0.652717 0.054412 0.036711
1 0.095588 0.620411 0.044118 0.051395
1 0.064706 0.685022 0.050000 0.030837
1 0.122059 0.679883 0.050000 0.029369
1 0.148529 0.715125 0.038235 0.044053
1 0.055882 0.567548 0.058824 0.039648
1 0.459559 0.497063 0.042647 0.051395
1 0.470588 0.603524 0.050000 0.029369
1 0.393382 0.553598 0.045588 0.046990
1 0.344853 0.581498 0.063235 0.029369
1 0.362500 0.461087 0.063235 0.052863
1 0.369118 0.406755 0.055882 0.046990
1 0.062500 0.497063 0.051471 0.054332
1 0.046324 0.429515 0.036765 0.048458
1 0.129412 0.417768 0.052941 0.030837
1 0.023529 0.392070 0.041176 0.041116
0 0.966176 0.396476 0.044118 0.038179
0 0.977941 0.441997 0.044118 0.046990
