0 0.063971 0.050000 0.048529 0.041176
0 0.025735 0.085294 0.048529 0.047059
0 0.222059 0.070588 0.050000 0.052941
0 0.251471 0.109559 0.041176 0.051471
0 0.236029 0.197794 0.045588 0.051471
0 0.301471 0.228676 0.055882 0.054412
0 0.356618 0.301471 0.042647 0.044118
0 0.300000 0.326471 0.044118 0.041176
0 0.290441 0.384559 0.057353 0.054412
0 0.158088 0.330147 0.051471 0.048529
0 0.077941 0.328676 0.050000 0.045588
0 0.110294 0.244853 0.052941 0.057353
0 0.026471 0.207353 0.050000 0.064706
0 0.058088 0.463971 0.066176 0.051471
0 0.044853 0.394853 0.060294 0.048529
0 0.214706 0.542647 0.073529 0.055882
0 0.350735 0.480882 0.051471 0.061765
0 0.422059 0.539706 0.047059 0.061765
0 0.315441 0.580147 0.051471 0.054412
0 0.355147 0.630147 0.051471 0.077941
0 0.221324 0.591912 0.045588 0.045588
0 0.214706 0.633824 0.047059 0.038235
0 0.191912 0.666912 0.048529 0.048529
0 0.105147 0.678676 0.066176 0.063235
0 0.044118 0.733088 0.047059 0.051471
0 0.097794 0.781618 0.057353 0.066176
0 0.079412 0.826471 0.050000 0.050000
0 0.025735 0.803676 0.045588 0.054412
0 0.415441 0.883824 0.054412 0.061765
0 0.363235 0.813235 0.050000 0.061765
0 0.369853 0.711765 0.042647 0.047059
0 0.340441 0.763971 0.051471 0.048529
0 0.486029 0.725735 0.045588 0.057353
0 0.603676 0.775735 0.051471 0.051471
0 0.557353 0.808824 0.041176 0.044118
0 0.571324 0.856618 0.048529 0.048529
0 0.583088 0.911765 0.054412 0.050000
0 0.652941 0.850735 0.061765 0.066176
0 0.714706 0.839706 0.050000 0.058824
0 0.755882 0.871324 0.041176 0.054412
0 0.605882 0.634559 0.058824 0.060294
0 0.697794 0.663235 0.069118 0.064706
0 0.679412 0.720588 0.047059 0.052941
0 0.672794 0.766176 0.051471 0.047059
0 0.538235 0.755147 0.050000 0.045588
0 0.591176 0.707353 0.047059 0.055882
0 0.566912 0.672794 0.045588 0.042647
0 0.494853 0.638971 0.060294 0.048529
0 0.461765 0.681618 0.047059 0.042647
0 0.438235 0.753676 0.050000 0.048529
0 0.419118 0.817647 0.050000 0.044118
0 0.493382 0.815441 0.048529 0.045588
0 0.558088 0.402941 0.060294 0.058824
0 0.600735 0.416912 0.048529 0.042647
0 0.561029 0.455882 0.054412 0.047059
0 0.640441 0.455882 0.042647 0.050000
0 0.725735 0.458824 0.048529 0.055882
0 0.682353 0.487500 0.047059 0.051471
0 0.651471 0.519853 0.050000 0.045588
0 0.582353 0.519853 0.052941 0.042647
0 0.516912 0.512500 0.048529 0.051471
0 0.536029 0.566176 0.039706 0.047059
0 0.784559 0.494853 0.054412 0.054412
0 0.728676 0.522059 0.045588 0.047059
0 0.773529 0.608824 0.052941 0.055882
0 0.810294 0.586765 0.038235 0.047059
0 0.863971 0.558088 0.048529 0.045588
0 0.869118 0.611765 0.061765 0.050000
0 0.813235 0.639706 0.044118 0.055882
0 0.788971 0.748529 0.045588 0.044118
0 0.819853 0.719853 0.048529 0.051471
0 0.822794 0.778676 0.039706 0.048529
0 0.914706 0.799265 0.055882 0.045588
0 0.820588 0.876471 0.050000 0.052941
0 0.777206 0.800735 0.054412 0.057353
0 0.936765 0.873529 0.052941 0.047059
0 0.835294 0.939706 0.044118 0.047059
0 0.766176 0.961029 0.047059 0.048529
0 0.697059 0.956618 0.050000 0.054412
0 0.584559 0.963235 0.051471 0.052941
0 0.946324 0.948529 0.039706 0.047059
0 0.880882 0.927206 0.038235 0.051471
0 0.872059 0.813235 0.041176 0.047059
0 0.873529 0.770588 0.050000 0.044118
0 0.932353 0.215441 0.058824 0.072059
0 0.469118 0.117647 0.047059 0.055882
0 0.441176 0.160294 0.035294 0.050000
