0 0.518382 0.355147 0.057353 0.054412
0 0.572059 0.349265 0.052941 0.045588
0 0.568382 0.297794 0.054412 0.048529
0 0.499265 0.248529 0.057353 0.052941
0 0.556618 0.223529 0.045588 0.044118
0 0.490441 0.192647 0.048529 0.038235
0 0.436765 0.153676 0.050000 0.045588
0 0.480882 0.141176 0.035294 0.032353
0 0.680882 0.333088 0.038235 0.051471
0 0.733088 0.314706 0.042647 0.050000
0 0.786765 0.302206 0.035294 0.039706
0 0.841176 0.288971 0.050000 0.048529
0 0.894853 0.286765 0.045588 0.044118
0 0.624265 0.272794 0.048529 0.036765
0 0.683824 0.271324 0.050000 0.048529
0 0.738235 0.263971 0.032353 0.036765
0 0.605882 0.222059 0.041176 0.044118
0 0.655882 0.213971 0.041176 0.042647
0 0.589706 0.168382 0.052941 0.042647
0 0.645588 0.161765 0.044118 0.050000
0 0.698529 0.144118 0.044118 0.041176
0 0.708824 0.205147 0.047059 0.048529
0 0.755882 0.197059 0.041176 0.047059
0 0.752206 0.139706 0.051471 0.047059
0 0.639706 0.101471 0.050000 0.047059
0 0.691176 0.093382 0.044118 0.048529
0 0.736029 0.085294 0.045588 0.041176
0 0.792647 0.075735 0.044118 0.045588
0 0.806618 0.127941 0.045588 0.044118
0 0.811765 0.175735 0.055882 0.057353
0 0.794118 0.238971 0.050000 0.045588
0 0.847794 0.230147 0.045588 0.045588
0 0.863971 0.173529 0.036765 0.038235
0 0.896324 0.219118 0.042647 0.052941
0 0.951471 0.212500 0.047059 0.045588
0 0.919853 0.161029 0.054412 0.048529
0 0.913235 0.112500 0.050000 0.042647
0 0.963235 0.100735 0.041176 0.045588
0 0.980882 0.152941 0.038235 0.052941
0 0.891912 0.058088 0.051471 0.036765
0 0.841912 0.070588 0.048529 0.041176
0 0.732353 0.038235 0.058824 0.047059
0 0.780147 0.033088 0.048529 0.036765
0 0.838235 0.025735 0.050000 0.045588
0 0.888235 0.018382 0.035294 0.033824
0 0.224265 0.777206 0.063235 0.066176
0 0.294853 0.762500 0.045588 0.060294
0 0.373529 0.744853 0.038235 0.048529
0 0.415441 0.708088 0.039706 0.063235
0 0.460294 0.719853 0.041176 0.063235
0 0.503676 0.734559 0.033824 0.060294
0 0.542647 0.746324 0.041176 0.060294
0 0.592647 0.758824 0.032353 0.052941
0 0.629412 0.761029 0.038235 0.057353
0 0.709559 0.741912 0.045588 0.057353
0 0.700735 0.813971 0.048529 0.057353
0 0.681618 0.772794 0.039706 0.042647
0 0.661765 0.730882 0.035294 0.047059
0 0.760294 0.669118 0.044118 0.052941
0 0.717647 0.667647 0.041176 0.052941
0 0.674265 0.664706 0.054412 0.041176
0 0.516912 0.630147 0.048529 0.051471
0 0.033824 0.838971 0.052941 0.051471
0 0.052941 0.882353 0.035294 0.038235
0 0.024265 0.916176 0.036765 0.044118
0 0.076471 0.924265 0.044118 0.057353
0 0.128676 0.925000 0.042647 0.052941
0 0.181618 0.937500 0.042647 0.048529
0 0.175735 0.882353 0.045588 0.052941
0 0.232353 0.872794 0.038235 0.051471
0 0.235294 0.931618 0.050000 0.060294
0 0.288971 0.931618 0.033824 0.042647
0 0.286765 0.872794 0.050000 0.057353
0 0.340441 0.927941 0.048529 0.052941
0 0.345588 0.869118 0.055882 0.047059
0 0.400000 0.863971 0.044118 0.054412
0 0.400735 0.810294 0.042647 0.050000
0 0.342647 0.819853 0.050000 0.051471
0 0.289706 0.819118 0.050000 0.047059
0 0.230882 0.827941 0.050000 0.044118
0 0.175000 0.823529 0.044118 0.052941
0 0.513235 0.908088 0.044118 0.054412
0 0.510294 0.960294 0.050000 0.047059
0 0.455882 0.952206 0.047059 0.051471
0 0.667647 0.946324 0.038235 0.039706
0 0.046324 0.432353 0.042647 0.055882
0 0.087500 0.438235 0.045588 0.055882
0 0.016912 0.536765 0.030882 0.061765
0 0.052206 0.533824 0.039706 0.058824
0 0.103676 0.525735 0.054412 0.060294
0 0.346324 0.571324 0.045588 0.048529
0 0.364706 0.482353 0.055882 0.058824
0 0.267647 0.466176 0.055882 0.050000
0 0.141176 0.452206 0.047059 0.063235
0 0.189706 0.437500 0.052941 0.054412
0 0.417647 0.094853 0.044118 0.042647
0 0.465441 0.093382 0.039706 0.045588
0 0.403676 0.043382 0.048529 0.048529
0 0.525735 0.126471 0.045588 0.041176
0 0.569118 0.066912 0.047059 0.051471
0 0.041912 0.108824 0.045588 0.050000
