0 0.048529 0.178676 0.044118 0.048529
0 0.093382 0.175000 0.039706 0.055882
0 0.057353 0.242647 0.050000 0.055882
0 0.183088 0.352206 0.057353 0.063235
0 0.148529 0.227941 0.050000 0.052941
0 0.084559 0.311029 0.051471 0.051471
0 0.043382 0.402941 0.051471 0.055882
0 0.091176 0.421324 0.047059 0.045588
0 0.155147 0.446324 0.054412 0.054412
0 0.422794 0.249265 0.057353 0.057353
0 0.493382 0.322059 0.054412 0.052941
0 0.522794 0.279412 0.051471 0.058824
0 0.569853 0.308824 0.045588 0.055882
0 0.316176 0.219118 0.055882 0.052941
0 0.250735 0.279412 0.048529 0.041176
0 0.214706 0.283088 0.047059 0.057353
0 0.203676 0.225735 0.045588 0.045588
0 0.228676 0.141912 0.042647 0.042647
0 0.138971 0.162500 0.042647 0.045588
0 0.153676 0.127206 0.054412 0.057353
0 0.102206 0.072059 0.051471 0.050000
0 0.060294 0.080882 0.044118 0.044118
0 0.067647 0.041176 0.047059 0.041176
0 0.044853 0.117647 0.054412 0.044118
0 0.285294 0.094118 0.044118 0.047059
0 0.326471 0.114706 0.035294 0.050000
0 0.300000 0.267647 0.050000 0.044118
0 0.736029 0.262500 0.057353 0.060294
0 0.777206 0.190441 0.051471 0.066176
0 0.782353 0.231618 0.044118 0.045588
0 0.833824 0.241176 0.041176 0.047059
0 0.841912 0.322059 0.054412 0.052941
0 0.884559 0.274265 0.048529 0.060294
0 0.809559 0.455147 0.060294 0.060294
0 0.800000 0.367647 0.052941 0.050000
0 0.746324 0.444853 0.042647 0.051471
0 0.725000 0.536765 0.052941 0.058824
0 0.735294 0.639706 0.067647 0.070588
0 0.428676 0.638235 0.057353 0.061765
0 0.544118 0.687500 0.055882 0.054412
0 0.222794 0.771324 0.042647 0.051471
0 0.170588 0.787500 0.052941 0.042647
0 0.236029 0.866176 0.063235 0.058824
0 0.045588 0.907353 0.073529 0.070588
0 0.125000 0.975000 0.070588 0.050000
0 0.211765 0.972794 0.058824 0.054412
0 0.259559 0.954412 0.048529 0.050000
0 0.722794 0.902941 0.060294 0.052941
0 0.749265 0.831618 0.060294 0.057353
0 0.822794 0.825735 0.066176 0.072059
0 0.799265 0.966176 0.069118 0.067647
0 0.884559 0.929412 0.054412 0.055882
0 0.876471 0.980882 0.050000 0.038235
0 0.890441 0.413235 0.063235 0.067647
0 0.980147 0.344118 0.039706 0.050000
0 0.902941 0.365441 0.044118 0.039706
0 0.896324 0.315441 0.045588 0.045588
0 0.938971 0.321324 0.042647 0.048529
0 0.791912 0.275000 0.051471 0.050000
0 0.856618 0.036765 0.069118 0.061765
0 0.787500 0.024265 0.057353 0.045588
0 0.592647 0.080147 0.047059 0.051471
0 0.353676 0.069853 0.045588 0.048529
0 0.497794 0.191176 0.063235 0.067647
0 0.472059 0.100000 0.044118 0.047059
0 0.435294 0.133824 0.050000 0.047059
0 0.284559 0.026471 0.063235 0.050000
0 0.229412 0.032353 0.050000 0.047059
0 0.183824 0.051471 0.064706 0.047059
0 0.200000 0.107353 0.061765 0.055882
0 0.447059 0.061029 0.050000 0.051471
0 0.286765 0.727941 0.047059 0.044118
0 0.133824 0.269118 0.044118 0.044118
0 0.633824 0.208824 0.050000 0.052941
0 0.648529 0.586029 0.047059 0.051471
0 0.607353 0.616912 0.052941 0.051471
0 0.913971 0.831618 0.039706 0.054412
0 0.855147 0.627206 0.048529 0.060294
0 0.917647 0.460294 0.047059 0.044118
0 0.880147 0.523529 0.048529 0.055882
0 0.973529 0.477941 0.044118 0.061765
0 0.542647 0.738235 0.041176 0.050000
0 0.273529 0.769853 0.038235 0.039706
0 0.302941 0.858824 0.055882 0.050000
0 0.224265 0.823529 0.045588 0.041176
0 0.290441 0.809559 0.042647 0.048529
0 0.340441 0.803676 0.042647 0.048529
0 0.311765 0.938235 0.050000 0.055882
0 0.088235 0.819853 0.055882 0.048529
0 0.234559 0.334559 0.042647 0.045588
0 0.127941 0.324265 0.050000 0.039706
0 0.130882 0.368382 0.052941 0.045588
0 0.142647 0.400735 0.041176 0.033824
0 0.075000 0.363235 0.047059 0.038235
0 0.036029 0.285294 0.039706 0.050000
0 0.370588 0.224265 0.044118 0.045588
0 0.344853 0.263971 0.045588 0.042647
0 0.388235 0.280147 0.055882 0.042647
0 0.603676 0.257353 0.042647 0.044118
0 0.551471 0.233088 0.041176 0.048529
0 0.538235 0.153676 0.041176 0.045588
0 0.688971 0.037500 0.051471 0.054412
0 0.632353 0.458824 0.058824 0.055882
