0 0.163971 0.234559 0.039706 0.057353
0 0.207353 0.234559 0.038235 0.042647
0 0.209559 0.153676 0.045588 0.045588
0 0.254412 0.199265 0.044118 0.042647
0 0.248529 0.062500 0.050000 0.051471
0 0.197059 0.069853 0.044118 0.042647
0 0.725000 0.402206 0.047059 0.054412
0 0.650735 0.541912 0.051471 0.054412
0 0.660294 0.368382 0.041176 0.045588
0 0.660294 0.263971 0.038235 0.039706
0 0.701471 0.301471 0.041176 0.044118
0 0.655147 0.310294 0.042647 0.047059
0 0.965441 0.291176 0.051471 0.055882
0 0.966912 0.354412 0.054412 0.052941
0 0.975735 0.412500 0.048529 0.054412
0 0.800000 0.215441 0.041176 0.051471
0 0.774265 0.171324 0.042647 0.045588
0 0.731618 0.224265 0.045588 0.045588
0 0.728676 0.179412 0.045588 0.041176
0 0.728676 0.142647 0.039706 0.038235
0 0.740441 0.098529 0.045588 0.058824
0 0.788235 0.100735 0.055882 0.063235
0 0.121324 0.766912 0.045588 0.045588
0 0.114706 0.714706 0.047059 0.055882
0 0.166176 0.722059 0.044118 0.067647
0 0.083088 0.333088 0.042647 0.057353
1 0.274265 0.344853 0.039706 0.048529
1 0.346324 0.336765 0.045588 0.052941
1 0.351471 0.526471 0.038235 0.047059
1 0.288235 0.523529 0.032353 0.052941
1 0.494118 0.647794 0.044118 0.030882
1 0.530147 0.600000 0.033824 0.038235
1 0.527941 0.531618 0.035294 0.039706
1 0.338235 0.693382 0.038235 0.057353
1 0.262500 0.631618 0.051471 0.036765
1 0.269118 0.841176 0.052941 0.035294
1 0.271324 0.885294 0.060294 0.050000
1 0.029412 0.818382 0.047059 0.051471
1 0.024265 0.892647 0.042647 0.052941
1 0.138235 0.887500 0.055882 0.045588
1 0.530147 0.925735 0.039706 0.039706
1 0.578676 0.935294 0.036765 0.052941
1 0.637500 0.852941 0.051471 0.041176
1 0.927206 0.884559 0.030882 0.048529
1 0.764706 0.555882 0.044118 0.052941
1 0.758824 0.607353 0.047059 0.052941
1 0.647794 0.669853 0.066176 0.042647
1 0.927941 0.639706 0.052941 0.032353
1 0.899265 0.549265 0.033824 0.039706
1 0.754412 0.477941 0.044118 0.038235
1 0.574265 0.462500 0.036765 0.042647
1 0.525735 0.389706 0.045588 0.050000
1 0.525735 0.341912 0.045588 0.048529
1 0.544853 0.167647 0.033824 0.044118
1 0.524265 0.270588 0.036765 0.047059
1 0.971324 0.955147 0.042647 0.033824
1 0.826471 0.972794 0.041176 0.039706
1 0.097059 0.402206 0.050000 0.063235
1 0.125735 0.568382 0.045588 0.033824
