0 0.021324 0.208088 0.039706 0.048529
0 0.075735 0.219853 0.045588 0.048529
0 0.027206 0.267647 0.051471 0.055882
0 0.151471 0.224265 0.055882 0.051471
0 0.216176 0.202206 0.050000 0.051471
0 0.319853 0.269118 0.066176 0.047059
0 0.480882 0.268382 0.055882 0.054412
0 0.411765 0.212500 0.055882 0.060294
0 0.277941 0.202941 0.050000 0.041176
0 0.236029 0.138235 0.060294 0.052941
0 0.421324 0.121324 0.048529 0.048529
0 0.741176 0.245588 0.050000 0.058824
0 0.855882 0.296324 0.050000 0.048529
0 0.550735 0.236029 0.045588 0.045588
0 0.575000 0.284559 0.044118 0.045588
0 0.386029 0.052206 0.057353 0.057353
0 0.622059 0.082353 0.061765 0.058824
0 0.753676 0.072059 0.063235 0.052941
0 0.593382 0.030147 0.054412 0.054412
0 0.297059 0.148529 0.047059 0.052941
0 0.339706 0.150000 0.038235 0.052941
0 0.286765 0.090441 0.058824 0.060294
0 0.178676 0.150000 0.057353 0.058824
0 0.819853 0.352941 0.048529 0.061765
0 0.866912 0.356618 0.045588 0.054412
0 0.918382 0.362500 0.042647 0.051471
0 0.969853 0.486029 0.045588 0.045588
0 0.909559 0.447059 0.051471 0.041176
0 0.903676 0.485294 0.063235 0.052941
0 0.505147 0.666176 0.051471 0.047059
0 0.451471 0.695588 0.052941 0.050000
0 0.487500 0.784559 0.063235 0.051471
0 0.477941 0.873529 0.041176 0.052941
0 0.510294 0.844118 0.035294 0.041176
0 0.511765 0.713235 0.047059 0.050000
0 0.428676 0.437500 0.042647 0.042647
0 0.390441 0.326471 0.042647 0.044118
0 0.153676 0.830882 0.057353 0.050000
0 0.172059 0.901471 0.061765 0.055882
0 0.827206 0.497794 0.045588 0.042647
0 0.815441 0.569118 0.033824 0.035294
0 0.777941 0.538971 0.038235 0.033824
0 0.741912 0.553676 0.045588 0.039706
0 0.819118 0.605882 0.047059 0.038235
0 0.524265 0.598529 0.051471 0.047059
0 0.459559 0.632353 0.051471 0.061765
0 0.575000 0.509559 0.047059 0.042647
0 0.569853 0.452206 0.039706 0.033824
0 0.498529 0.180147 0.047059 0.051471
0 0.547059 0.847794 0.041176 0.045588
0 0.788971 0.782353 0.051471 0.050000
0 0.869853 0.733088 0.042647 0.042647
