1 0.700000 0.050000 0.055882 0.044118
1 0.559559 0.191912 0.054412 0.051471
1 0.638971 0.188235 0.042647 0.050000
1 0.852206 0.392647 0.069118 0.058824
1 0.721324 0.279412 0.054412 0.052941
1 0.766176 0.327206 0.044118 0.042647
1 0.712500 0.227206 0.042647 0.042647
1 0.750000 0.241176 0.038235 0.038235
1 0.718382 0.713235 0.057353 0.047059
1 0.771324 0.675000 0.039706 0.035294
1 0.805882 0.714706 0.050000 0.044118
1 0.842647 0.767647 0.052941 0.050000
1 0.886029 0.744853 0.045588 0.036765
1 0.894853 0.805147 0.054412 0.054412
1 0.862500 0.907353 0.051471 0.052941
1 0.982353 0.878676 0.035294 0.051471
1 0.917647 0.947059 0.055882 0.058824
1 0.974265 0.975735 0.051471 0.042647
