1 0.169853 0.300735 0.098529 0.139706
1 0.297794 0.184559 0.060294 0.051471
1 0.105147 0.102941 0.063235 0.047059
1 0.378676 0.154412 0.057353 0.047059
1 0.627941 0.119853 0.047059 0.048529
1 0.718382 0.106618 0.063235 0.045588
1 0.689706 0.308088 0.064706 0.042647
1 0.713235 0.430882 0.076471 0.079412
1 0.571324 0.494118 0.092647 0.085294
1 0.620588 0.433088 0.050000 0.042647
1 0.647794 0.472794 0.069118 0.060294
1 0.672059 0.565441 0.044118 0.039706
1 0.527206 0.547794 0.042647 0.048529
1 0.266912 0.705147 0.080882 0.072059
1 0.200000 0.597794 0.120588 0.077941
1 0.519853 0.822794 0.057353 0.057353
1 0.775735 0.698529 0.048529 0.052941
1 0.675735 0.765441 0.060294 0.066176
1 0.799265 0.766176 0.072059 0.047059
1 0.915441 0.675735 0.069118 0.060294
1 0.403676 0.636029 0.066176 0.060294
1 0.439706 0.269118 0.052941 0.055882
1 0.488971 0.278676 0.045588 0.045588
1 0.533088 0.386765 0.051471 0.061765
1 0.497794 0.108824 0.048529 0.067647
1 0.794118 0.166912 0.070588 0.069118
1 0.777941 0.064706 0.047059 0.052941
1 0.566912 0.612500 0.054412 0.060294
1 0.448529 0.755147 0.055882 0.048529
1 0.341912 0.843382 0.077941 0.060294
1 0.218382 0.955147 0.080882 0.063235
1 0.355147 0.794118 0.033824 0.041176
1 0.385294 0.906618 0.052941 0.045588
1 0.433088 0.922059 0.045588 0.044118
1 0.506618 0.885294 0.048529 0.055882
1 0.555147 0.963971 0.057353 0.060294
1 0.108088 0.433088 0.107353 0.057353
1 0.663971 0.166912 0.101471 0.075000
1 0.597794 0.230882 0.060294 0.061765
1 0.899265 0.306618 0.072059 0.080882
1 0.894118 0.403676 0.067647 0.045588
1 0.878676 0.454412 0.045588 0.052941
1 0.922059 0.496324 0.047059 0.051471
1 0.512500 0.049265 0.069118 0.063235
1 0.923529 0.020588 0.079412 0.038235
1 0.899265 0.179412 0.051471 0.061765
1 0.777941 0.261029 0.067647 0.045588
1 0.083824 0.636029 0.052941 0.045588
1 0.053676 0.596324 0.054412 0.042647
1 0.097059 0.790441 0.064706 0.039706
1 0.115441 0.841176 0.051471 0.032353
1 0.095588 0.945588 0.058824 0.052941
1 0.150000 0.946324 0.052941 0.057353
1 0.302206 0.080147 0.048529 0.048529
1 0.814706 0.341176 0.055882 0.061765
1 0.825735 0.548529 0.051471 0.047059
1 0.808824 0.470588 0.041176 0.044118
1 0.777206 0.433824 0.045588 0.038235
1 0.736029 0.641912 0.051471 0.048529
1 0.909559 0.594118 0.045588 0.047059
1 0.755882 0.211029 0.044118 0.063235
1 0.638235 0.262500 0.055882 0.036765
